10,3,0,0.0
10,3,1,0.0
10,3,2,0.0
10,3,3,0.0
10,4,0,0.0
10,4,1,0.0
10,4,2,0.0
10,4,3,0.0
10,4,4,0.0
10,5,0,0.0
10,5,1,0.0
10,5,2,0.0
10,5,3,0.0
10,5,4,0.0
10,5,5,0.0
10,6,0,0.0
10,6,1,0.0
10,6,2,0.0
10,6,3,1.0
10,6,4,1.0
10,6,5,2.0
10,6,6,3.0
10,7,0,6.0
10,7,1,7.0
10,7,2,7.0
10,7,3,8.0
10,7,4,10.0
10,7,5,12.0
10,7,6,16.0
10,7,7,20.0
10,8,0,20.0
10,8,1,21.0
10,8,2,20.0
10,8,3,22.0
10,8,4,25.0
10,8,5,28.0
10,8,6,31.0
10,8,7,36.0
10,8,8,41.0
10,9,0,53.0
10,9,1,54.0
10,9,2,52.0
10,9,3,55.0
10,9,4,59.0
10,9,5,63.0
10,9,6,66.0
10,9,7,72.0
10,9,8,75.0
10,9,9,99.0
10,10,0,45.0
10,10,1,46.0
10,10,2,44.0
10,10,3,45.0
10,10,4,50.0
10,10,5,54.0
10,10,6,56.0
10,10,7,63.0
10,10,8,67.0
10,10,9,99.0
10,10,10,91.0
11,3,0,0.0
11,3,1,0.0
11,3,2,0.0
11,3,3,0.0
11,4,0,0.0
11,4,1,0.0
11,4,2,0.0
11,4,3,0.0
11,4,4,0.0
11,5,0,0.0
11,5,1,0.0
11,5,2,0.0
11,5,3,0.0
11,5,4,0.0
11,5,5,0.0
11,6,0,0.0
11,6,1,0.0
11,6,2,0.0
11,6,3,0.0
11,6,4,0.0
11,6,5,0.0
11,6,6,0.0
11,7,0,0.0
11,7,1,0.0
11,7,2,0.0
11,7,3,0.0
11,7,4,0.0
11,7,5,0.0
11,7,6,1.0
11,7,7,1.0
11,8,0,1.0
11,8,1,1.0
11,8,2,1.0
11,8,3,2.0
11,8,4,3.0
11,8,5,3.0
11,8,6,4.0
11,8,7,6.0
11,8,8,8.0
11,9,0,4.0
11,9,1,5.0
11,9,2,4.0
11,9,3,4.0
11,9,4,6.0
11,9,5,6.0
11,9,6,8.0
11,9,7,10.0
11,9,8,12.0
11,9,9,17.0
11,10,0,16.0
11,10,1,17.0
11,10,2,16.0
11,10,3,16.0
11,10,4,19.0
11,10,5,21.0
11,10,6,24.0
11,10,7,27.0
11,10,8,31.0
11,10,9,37.0
11,10,10,60.0
11,11,0,12.0
11,11,1,12.0
11,11,2,11.0
11,11,3,14.0
11,11,4,16.0
11,11,5,17.0
11,11,6,19.0
11,11,7,22.0
11,11,8,27.0
11,11,9,33.0
11,11,10,60.0
11,11,11,54.0
12,3,0,0.0
12,3,1,0.0
12,3,2,0.0
12,3,3,0.0
12,4,0,0.0
12,4,1,0.0
12,4,2,0.0
12,4,3,0.0
12,4,4,0.0
12,5,0,0.0
12,5,1,0.0
12,5,2,0.0
12,5,3,0.0
12,5,4,0.0
12,5,5,0.0
12,6,0,0.0
12,6,1,0.0
12,6,2,0.0
12,6,3,0.0
12,6,4,0.0
12,6,5,0.0
12,6,6,0.0
12,7,0,0.0
12,7,1,0.0
12,7,2,0.0
12,7,3,0.0
12,7,4,0.0
12,7,5,0.0
12,7,6,0.0
12,7,7,0.0
12,8,0,0.0
12,8,1,0.0
12,8,2,0.0
12,8,3,0.0
12,8,4,0.0
12,8,5,0.0
12,8,6,0.0
12,8,7,0.0
12,8,8,0.0
12,9,0,0.0
12,9,1,0.0
12,9,2,0.0
12,9,3,0.0
12,9,4,0.0
12,9,5,0.0
12,9,6,0.0
12,9,7,1.0
12,9,8,1.0
12,9,9,2.0
12,10,0,0.0
12,10,1,0.0
12,10,2,0.0
12,10,3,0.0
12,10,4,0.0
12,10,5,0.0
12,10,6,1.0
12,10,7,1.0
12,10,8,1.0
12,10,9,2.0
12,10,10,3.0
12,11,0,2.0
12,11,1,2.0
12,11,2,1.0
12,11,3,2.0
12,11,4,2.0
12,11,5,2.0
12,11,6,4.0
12,11,7,5.0
12,11,8,6.0
12,11,9,9.0
12,11,10,12.0
12,11,11,27.0
12,12,0,1.0
12,12,1,1.0
12,12,2,1.0
12,12,3,1.0
12,12,4,1.0
12,12,5,1.0
12,12,6,3.0
12,12,7,3.0
12,12,8,5.0
12,12,9,7.0
12,12,10,10.0
12,12,11,27.0
12,12,12,25.0
13,3,0,0.0
13,3,1,0.0
13,3,2,0.0
13,3,3,0.0
13,4,0,0.0
13,4,1,0.0
13,4,2,0.0
13,4,3,0.0
13,4,4,0.0
13,5,0,0.0
13,5,1,0.0
13,5,2,0.0
13,5,3,0.0
13,5,4,0.0
13,5,5,0.0
13,6,0,0.0
13,6,1,0.0
13,6,2,0.0
13,6,3,0.0
13,6,4,0.0
13,6,5,0.0
13,6,6,0.0
13,7,0,0.0
13,7,1,0.0
13,7,2,0.0
13,7,3,0.0
13,7,4,0.0
13,7,5,0.0
13,7,6,0.0
13,7,7,0.0
13,8,0,0.0
13,8,1,0.0
13,8,2,0.0
13,8,3,0.0
13,8,4,0.0
13,8,5,0.0
13,8,6,0.0
13,8,7,0.0
13,8,8,0.0
13,9,0,0.0
13,9,1,0.0
13,9,2,0.0
13,9,3,0.0
13,9,4,0.0
13,9,5,0.0
13,9,6,0.0
13,9,7,0.0
13,9,8,0.0
13,9,9,0.0
13,10,0,0.0
13,10,1,0.0
13,10,2,0.0
13,10,3,0.0
13,10,4,0.0
13,10,5,0.0
13,10,6,0.0
13,10,7,0.0
13,10,8,0.0
13,10,9,0.0
13,10,10,0.0
13,11,0,0.0
13,11,1,0.0
13,11,2,0.0
13,11,3,0.0
13,11,4,0.0
13,11,5,0.0
13,11,6,0.0
13,11,7,0.0
13,11,8,0.0
13,11,9,0.0
13,11,10,0.0
13,11,11,0.0
13,12,0,0.0
13,12,1,0.0
13,12,2,0.0
13,12,3,0.0
13,12,4,0.0
13,12,5,0.0
13,12,6,0.0
13,12,7,0.0
13,12,8,0.0
13,12,9,0.0
13,12,10,1.0
13,12,11,2.0
13,12,12,8.0
13,13,0,0.0
13,13,1,0.0
13,13,2,0.0
13,13,3,0.0
13,13,4,0.0
13,13,5,0.0
13,13,6,0.0
13,13,7,0.0
13,13,8,0.0
13,13,9,0.0
13,13,10,0.0
13,13,11,1.0
13,13,12,8.0
13,13,13,7.0
14,3,0,0.0
14,3,1,0.0
14,3,2,0.0
14,3,3,0.0
14,4,0,0.0
14,4,1,0.0
14,4,2,0.0
14,4,3,0.0
14,4,4,0.0
14,5,0,0.0
14,5,1,0.0
14,5,2,0.0
14,5,3,0.0
14,5,4,0.0
14,5,5,0.0
14,6,0,0.0
14,6,1,0.0
14,6,2,0.0
14,6,3,0.0
14,6,4,0.0
14,6,5,0.0
14,6,6,0.0
14,7,0,0.0
14,7,1,0.0
14,7,2,0.0
14,7,3,0.0
14,7,4,0.0
14,7,5,0.0
14,7,6,0.0
14,7,7,0.0
14,8,0,0.0
14,8,1,0.0
14,8,2,0.0
14,8,3,0.0
14,8,4,0.0
14,8,5,0.0
14,8,6,0.0
14,8,7,0.0
14,8,8,0.0
14,9,0,0.0
14,9,1,0.0
14,9,2,0.0
14,9,3,0.0
14,9,4,0.0
14,9,5,0.0
14,9,6,0.0
14,9,7,0.0
14,9,8,0.0
14,9,9,0.0
14,10,0,0.0
14,10,1,0.0
14,10,2,0.0
14,10,3,0.0
14,10,4,0.0
14,10,5,0.0
14,10,6,0.0
14,10,7,0.0
14,10,8,0.0
14,10,9,0.0
14,10,10,0.0
14,11,0,0.0
14,11,1,0.0
14,11,2,0.0
14,11,3,0.0
14,11,4,0.0
14,11,5,0.0
14,11,6,0.0
14,11,7,0.0
14,11,8,0.0
14,11,9,0.0
14,11,10,0.0
14,11,11,0.0
14,12,0,0.0
14,12,1,0.0
14,12,2,0.0
14,12,3,0.0
14,12,4,0.0
14,12,5,0.0
14,12,6,0.0
14,12,7,0.0
14,12,8,0.0
14,12,9,0.0
14,12,10,0.0
14,12,11,0.0
14,12,12,0.0
14,13,0,0.0
14,13,1,0.0
14,13,2,0.0
14,13,3,0.0
14,13,4,0.0
14,13,5,0.0
14,13,6,0.0
14,13,7,0.0
14,13,8,0.0
14,13,9,0.0
14,13,10,0.0
14,13,11,0.0
14,13,12,0.0
14,13,13,1.0
14,14,0,0.0
14,14,1,0.0
14,14,2,0.0
14,14,3,0.0
14,14,4,0.0
14,14,5,0.0
14,14,6,0.0
14,14,7,0.0
14,14,8,0.0
14,14,9,0.0
14,14,10,0.0
14,14,11,0.0
14,14,12,0.0
14,14,13,1.0
14,14,14,1.0
15,3,0,0.0
15,3,1,0.0
15,3,2,0.0
15,3,3,0.0
15,4,0,0.0
15,4,1,0.0
15,4,2,0.0
15,4,3,0.0
15,4,4,0.0
15,5,0,0.0
15,5,1,0.0
15,5,2,0.0
15,5,3,0.0
15,5,4,0.0
15,5,5,0.0
15,6,0,0.0
15,6,1,0.0
15,6,2,0.0
15,6,3,0.0
15,6,4,0.0
15,6,5,0.0
15,6,6,0.0
15,7,0,0.0
15,7,1,0.0
15,7,2,0.0
15,7,3,0.0
15,7,4,0.0
15,7,5,0.0
15,7,6,0.0
15,7,7,0.0
15,8,0,0.0
15,8,1,0.0
15,8,2,0.0
15,8,3,0.0
15,8,4,0.0
15,8,5,0.0
15,8,6,0.0
15,8,7,0.0
15,8,8,0.0
15,9,0,0.0
15,9,1,0.0
15,9,2,0.0
15,9,3,0.0
15,9,4,0.0
15,9,5,0.0
15,9,6,0.0
15,9,7,0.0
15,9,8,0.0
15,9,9,0.0
15,10,0,0.0
15,10,1,0.0
15,10,2,0.0
15,10,3,0.0
15,10,4,0.0
15,10,5,0.0
15,10,6,0.0
15,10,7,0.0
15,10,8,0.0
15,10,9,0.0
15,10,10,0.0
15,11,0,0.0
15,11,1,0.0
15,11,2,0.0
15,11,3,0.0
15,11,4,0.0
15,11,5,0.0
15,11,6,0.0
15,11,7,0.0
15,11,8,0.0
15,11,9,0.0
15,11,10,0.0
15,11,11,0.0
15,12,0,0.0
15,12,1,0.0
15,12,2,0.0
15,12,3,0.0
15,12,4,0.0
15,12,5,0.0
15,12,6,0.0
15,12,7,0.0
15,12,8,0.0
15,12,9,0.0
15,12,10,0.0
15,12,11,0.0
15,12,12,0.0
15,13,0,0.0
15,13,1,0.0
15,13,2,0.0
15,13,3,0.0
15,13,4,0.0
15,13,5,0.0
15,13,6,0.0
15,13,7,0.0
15,13,8,0.0
15,13,9,0.0
15,13,10,0.0
15,13,11,0.0
15,13,12,0.0
15,13,13,0.0
15,14,0,0.0
15,14,1,0.0
15,14,2,0.0
15,14,3,0.0
15,14,4,0.0
15,14,5,0.0
15,14,6,0.0
15,14,7,0.0
15,14,8,0.0
15,14,9,0.0
15,14,10,0.0
15,14,11,0.0
15,14,12,0.0
15,14,13,0.0
15,14,14,0.0
15,15,0,0.0
15,15,1,0.0
15,15,2,0.0
15,15,3,0.0
15,15,4,0.0
15,15,5,0.0
15,15,6,0.0
15,15,7,0.0
15,15,8,0.0
15,15,9,0.0
15,15,10,0.0
15,15,11,0.0
15,15,12,0.0
15,15,13,0.0
15,15,14,0.0
15,15,15,0.0
