1,5.486187322378573,5.486187322378573,5.441667902933895
2,2.39382171520253,7.880009037581103,12.837566851152104
3,1.9220933801121676,9.80210241769327,9.24609211970661
4,5.935387817756048,15.737490235449318,14.149249587015959
5,3.6063122726389474,19.343802508088267,5.1120630347505145
6,3.1932895693716308,22.537092077459896,7.216193223199743
7,16.36054960564583,38.897641683105725,5.914631404330337
8,1.8236975465136585,40.72133922961938,5.641154595911555
9,9.532572397869938,50.253911627489316,8.787326884710135
10,0.7833392212519568,51.03725084874127,6.110920478161067
11,0.5794031401787407,51.616653988920014,14.268253840910507
12,2.120394248078749,53.73704823699876,13.147687971748844
13,2.715839093440067,56.45288733043883,7.486948517828049
14,7.80927760864869,64.26216493908751,9.869016522956684
15,0.6462986902630069,64.90846362935052,5.055039811270272
16,0.43484743129032316,65.34331106064084,5.224093378891629
17,0.9457433912663962,66.28905445190723,12.66774726141401
18,0.2774828051505467,66.56653725705777,12.64552911868277
19,0.24584309349448177,66.81238035055226,9.004088529250833
20,4.52976316749261,71.34214351804486,12.954302505433565
21,1.819145196831674,73.16128871487653,10.731839606131642
22,0.9072471969633885,74.06853591183992,7.523027511965665
23,2.8186567483496257,76.88719266018954,11.155452065860825
24,2.4647730218887145,79.35196568207826,12.736972801415256
25,0.633587818509672,79.98555350058793,13.494206418892718
26,2.403307385976364,82.38886088656429,11.337965820130211
27,0.6020904536240128,82.9909513401883,5.669784706060732
28,0.7423527228004629,83.73330406298876,6.0699445329499255
29,0.5359084883237464,84.2692125513125,6.642265813653358
30,0.7116717647026928,84.98088431601519,13.129384337428124
31,1.8879932054968764,86.86887752151208,9.67204457539712
32,0.28414483792633605,87.15302235943841,12.805657505020191
33,0.3087440176888788,87.46176637712729,9.139552811471425
34,0.9749783031372263,88.43674468026451,13.209672414352102
35,2.1861527346417864,90.62289741490629,12.81138262244254
36,1.1602564543891578,91.78315386929545,12.081339979691258
37,0.01938644981367164,91.80254031910911,6.65051644121769
38,1.885781497699699,93.68832181680881,8.04139717122598
39,0.214235168772855,93.90255698558167,10.67478851151892
40,0.3527578271567716,94.25531481273843,12.297294358080581
41,0.5495688080779568,94.80488362081638,13.319665884488476
42,0.982664733249504,95.78754835406589,6.544562216490512
43,0.9026243133365662,96.69017266740245,12.207154421693234
44,1.0381656475094303,97.72833831491188,7.316737475805577
45,0.3957909174879814,98.12412923239987,7.2982603662747705
46,2.689117867501767,100.81324709990163,10.67328093234929
47,0.2962302263361357,101.10947732623777,9.53529069363073
48,0.06615279095846067,101.17563011719622,12.680075339799226
49,3.4287839064752994,104.60441402367152,7.454318077006973
50,1.1897294418326434,105.79414346550416,14.9852357588049
51,0.392290541312556,106.18643400681673,14.367343412973026
52,0.37118942293617035,106.5576234297529,11.728195471704447
53,0.4228475799801966,106.9804710097331,10.678252545809599
54,0.0629059535926626,107.04337696332576,12.670747585405037
55,2.5141008170857693,109.55747778041153,8.310475477547115
56,1.7408595372754347,111.29833731768697,5.034008942854716
57,3.2412068358051185,114.53954415349209,12.56324890343599
58,3.9871404505554837,118.52668460404757,11.603091909228457
59,0.0967395872760894,118.62342419132366,6.478114162324687
60,2.2582355265297736,120.88165971785344,11.873205402785455
61,2.450046546338672,123.3317062641921,12.202296880414524
62,0.9286351627692071,124.26034142696132,12.941192939309264
63,0.5631053781106051,124.82344680507192,5.827977655973733
64,0.08136183552070225,124.90480864059262,8.318471793479569
65,0.7701852501764329,125.67499389076906,14.08472118830557
66,0.03999401635407156,125.71498790712313,6.558164331247969
67,0.3112573961668353,126.02624530328997,8.69025916256144
68,0.2921700992857657,126.31841540257574,7.130933602941049
69,0.09489853994278266,126.41331394251853,6.137950440516898
70,1.2318917644279586,127.64520570694648,6.515877187549496
71,1.3824758065503513,129.02768151349684,14.631758008907292
72,0.09466228369474777,129.1223437971916,13.637556463368577
73,0.9854471546036561,130.10779095179527,14.868782572816752
74,3.7057769374884217,133.8135678892837,14.010037767335549
75,0.4926198473490186,134.3061877366327,5.336550820702329
76,1.479387656663211,135.78557539329591,7.702541801328161
77,6.021815119121042,141.80739051241696,14.633945751152073
78,0.053770565373983385,141.86116107779094,9.569058467062106
79,2.4683178501640914,144.32947892795502,13.303827844429874
80,1.006056461306382,145.3355353892614,13.384015751516309
81,0.7227070687931632,146.05824245805456,14.810098512303398
82,0.1283227945816338,146.1865652526362,11.480383711481032
83,0.5821691106103195,146.76873436324652,6.454724155627582
84,0.25280298613472274,147.02153734938125,10.367524404644495
85,0.833691668211124,147.85522901759236,12.769467744780998
86,2.1396588907253653,149.99488790831774,11.219323425265337
87,2.5989995194978377,152.59388742781556,12.402970712077312
88,1.190834823304559,153.78472225112012,6.573906144065051
89,3.1461609914225486,156.93088324254268,6.685295450584183
90,0.07979690322837965,157.01068014577106,10.776732607256829
91,1.0022420229616633,158.01292216873273,14.321238445276771
92,2.0994746586762947,160.11239682740901,6.917805203148064
93,3.9756418557583473,164.08803868316735,9.168145002579747
94,0.4144504955865096,164.50248917875388,6.439156635869422
95,0.1955231820020509,164.69801236075594,9.692788426148876
96,0.7609232002076053,165.45893556096354,12.129959516908734
97,0.3450752193641184,165.80401078032764,12.510282493201007
98,0.11982943431476023,165.9238402146424,12.08056601859695
99,0.5124171008982764,166.4362573155407,11.561095649754554
100,0.4582166074537807,166.89447392299448,11.727200968441313
101,0.7542948284785893,167.64876875147306,12.312825238917853
102,2.2436991625791487,169.89246791405222,5.045328050875847
103,0.8160945231338271,170.70856243718603,5.37565420645178
104,0.6021866039706224,171.31074904115664,12.748331263607323
105,1.1456411302040106,172.45639017136065,14.99218474116243
106,0.5153905056354711,172.97178067699613,12.27574985106555
107,1.7396751617152655,174.7114558387114,12.139578814060538
108,2.0761189287554256,176.78757476746682,10.4044980867692
109,1.1508771127408208,177.93845188020765,12.175034732052364
110,2.0688540223246417,180.0073059025323,12.61033325136346
111,2.9410831488118023,182.9483890513441,11.0347198108628
112,6.257868424535625,189.2062574758797,8.246974850219118
113,17.710358600290867,206.91661607617058,9.479011645041979
114,10.77977029442696,217.69638637059754,9.960848606536464
115,0.1486895932419213,217.84507596383946,6.326809676524726
116,26.609610726285844,244.4546866901253,5.102773349056289
