1,5.6243851176319755,5.6243851176319755,8.201862476468591
2,1.7258328875393312,7.350218005171307,5.444948723913853
3,3.005260077189929,10.355478082361236,11.926593537560702
4,21.78790059690648,32.14337867926771,9.410796685580936
5,5.156443851581022,37.299822530848736,14.575386303001798
6,2.7642232510323055,40.06404578188104,12.22403790913136
7,1.1453986859472403,41.209444467828284,5.009185990384707
8,4.874859003873034,46.08430347170132,6.7189960008471505
9,2.252363088389871,48.33666656009119,9.464829495501235
10,3.35699678908729,51.69366334917848,8.534031394038252
11,16.277579065040445,67.97124241421892,8.74248217506795
12,0.6957635138919049,68.66700592811083,9.855481875240327
13,0.9915248832362201,69.65853081134705,5.890167633537253
14,1.268481376955465,70.92701218830251,6.964636989627824
15,0.8904861938831816,71.81749838218569,11.85779790382594
16,0.651416543316591,72.46891492550228,5.365957588456886
17,2.1680876552803454,74.63700258078262,11.832089990050903
18,2.923639126411042,77.56064170719367,9.79538595722142
19,1.126681142898012,78.68732285009168,8.237053830271586
20,0.27178297151814707,78.95910582160982,13.3969858703847
21,0.2744890989272998,79.23359492053713,11.915448788841946
22,0.2584826778270052,79.49207759836413,13.933163239302772
23,1.007945230384839,80.50002282874897,12.509479438230326
24,0.14009520462601818,80.64011803337499,11.741901699351281
25,1.261499521146641,81.90161755452164,5.345812898040823
26,1.2559960004822925,83.15761355500393,5.746558823903618
27,0.31339803687991996,83.47101159188385,12.913285433012424
28,0.2290451190413187,83.70005671092517,13.353007771557934
29,5.971791768150863,89.67184847907603,8.67844576486245
30,1.2109944082033042,90.88284288727934,10.529253035389136
31,1.6814293454680125,92.56427223274736,5.303279656431129
32,1.462079672953747,94.0263519057011,5.346052659542464
33,0.8233213903667941,94.8496732960679,6.808995939361628
34,1.5442817074291726,96.39395500349708,13.75265753400779
35,0.041156569765796215,96.43511157326287,13.986646662809497
36,1.230768229976295,97.66587980323916,10.965213607317203
37,2.543233917009729,100.2091137202489,10.405006784077285
38,0.44752260188725373,100.65663632213615,9.260727637089175
39,0.5305413583615931,101.18717768049774,14.399724775868583
40,0.6919950911111266,101.87917277160886,13.026843361288844
41,1.3380360533783318,103.2172088249872,6.723863150593015
42,0.9876763537657818,104.20488517875297,11.964709630345517
43,0.18204142369903342,104.38692660245201,8.25923329850519
44,2.9331629048568475,107.32008950730885,12.625102100606146
45,1.9254855551621477,109.245575062471,6.985489486853634
46,0.6653648105627484,109.91093987303375,5.404468383906744
47,0.8632108712382129,110.77415074427196,11.293339147602143
48,0.23588901711563698,111.0100397613876,8.360703075225414
49,0.6502523838398091,111.66029214522742,14.606841665436727
50,0.6822007937604408,112.34249293898786,11.327459950680636
51,0.14826471339768757,112.49075765238555,10.561514789784342
52,0.044933901131187226,112.53569155351674,13.017921536065865
53,0.15859124426553786,112.69428279778228,13.383508787539851
54,2.4433156578646473,115.13759845564692,13.214315998417273
55,0.0655642906906778,115.2031627463376,13.390208164371977
56,0.14940185183395213,115.35256459817155,7.224205337733337
57,0.1507631197617224,115.50332771793327,8.987673492284706
58,1.835112980654717,117.33844069858799,10.791932885757657
59,0.2702692741777793,117.60870997276577,10.721200811009698
60,0.8531775609404687,118.46188753370623,7.047850446636565
61,1.5258538865888231,119.98774142029505,14.690434122684033
62,1.2079775518611842,121.19571897215624,14.111702839996866
63,0.10079845464993556,121.29651742680618,10.406578762992282
64,0.7687588236236446,122.06527625042982,5.6780536530846435
65,0.8304962856028125,122.89577253603262,6.046249023345473
66,0.06959701083432972,122.96536954686695,11.231102625661505
67,1.7209862326999743,124.68635577956692,13.428107684368706
68,0.354613261309614,125.04096904087653,10.365939681750195
69,1.0456337036002585,126.08660274447679,8.606449841680108
70,2.5110861228475247,128.5976888673243,9.364313148893288
71,1.9401475450832673,130.5378364124076,9.253430368936776
72,1.1098781632435426,131.64771457565112,12.249897685994295
73,0.48595633583410763,132.13367091148524,13.338583081887037
74,0.21975819596116636,132.3534291074464,9.10910634624258
75,2.7633033623070546,135.11673246975346,14.522308701140762
76,0.6674355106844221,135.78416798043787,13.915676887217186
77,1.44229922086386,137.22646720130174,9.674337574709066
78,0.20512044134433585,137.4315876426461,6.091075247035473
79,0.86582301579703,138.2974106584431,9.955971689214817
80,2.527601437960286,140.8250120964034,8.06848851878599
81,0.775414732899513,141.60042682930293,11.440321977106441
82,0.9239424601683784,142.5243692894713,11.025983597703654
83,0.8330719024216325,143.35744119189295,7.546620976249807
84,3.9936309975865685,147.3510721894795,10.379953420797953
85,0.5650709048312836,147.9161430943108,6.495597251122099
86,0.2945415973611529,148.21068469167196,9.379053446303889
87,0.7379172949002297,148.94860198657219,14.183062395096483
88,1.1030843213149957,150.0516863078872,5.784178043851242
89,0.5198615278725778,150.57154783575976,6.437905210902494
90,2.0756126967794413,152.6471605325392,10.97427043449745
91,0.8506471174238808,153.49780764996308,12.69347234584831
92,1.078845710079068,154.57665336004214,11.681187621346226
93,0.5341589777667799,155.11081233780894,11.372392944699769
94,0.4030381546308101,155.51385049243976,14.938571120291808
95,1.158740943458936,156.67259143589868,14.502547215007795
96,0.4925660375580309,157.1651574734567,5.506685411475138
97,1.137676648475853,158.30283412193256,8.81863246945267
98,2.783364942960493,161.08619906489307,5.0391541584456645
99,0.09840856422101373,161.18460762911408,9.042253437109816
100,0.44664393658404655,161.63125156569814,14.73492169085793
101,0.5972607735590075,162.22851233925715,8.414408536127585
102,0.7228336647621159,162.95134600401926,9.971182677789567
103,0.5517224143915491,163.5030684184108,12.148325817518273
104,2.9091111379671415,166.41217955637794,5.9401143930730935
105,0.6395073866642993,167.05168694304223,9.34315802246286
106,0.06383527467734183,167.11552221771956,9.786222594670715
107,0.18429409353324874,167.2998163112528,13.56421313938155
108,2.5466246937966655,169.84644100504948,14.026172832144685
109,0.358794932584331,170.2052359376338,12.20462078371503
110,0.22669146620892316,170.43192740384274,8.598394241428377
111,3.160114038202744,173.59204144204548,6.560364230640825
112,0.39555082948778014,173.98759227153326,12.224417118476442
113,0.4596525272271888,174.44724479876044,13.909168547093598
114,0.21341310308525246,174.6606579018457,12.827299400229148
115,0.7248468016226527,175.38550470346834,8.824648985084789
116,1.05896358512918,176.44446828859753,7.797820897094879
117,0.07628023326951343,176.52074852186703,6.548808852111392
118,0.5428695926703085,177.06361811453735,10.272180997884682
119,0.5933430315804702,177.65696114611782,7.167512263608108
120,0.14360190515795088,177.8005630512758,11.947113564086123
121,0.051654910466202394,177.85221796174199,5.274866032392999
122,1.6159256178255121,179.4681435795675,8.866719308590522
123,0.14819975397783475,179.61634333354533,11.391448936882586
124,0.1387354416059321,179.75507877515128,8.564680301623383
125,0.17842791077567763,179.93350668592694,13.589951727792247
126,0.7020224378960529,180.635529123823,6.824038777416618
127,8.351801511659424,188.98733063548244,12.119845055532915
128,8.208035309101804,197.19536594458424,5.877180278983194
129,18.01016718075679,215.20553312534102,7.0405120707228575
130,3.861971858834923,219.06750498417594,5.0625025180150836
131,3.7000013581961104,222.76750634237206,8.842817187956635
132,0.5380219876355536,223.3055283300076,6.0992598563310585
133,0.7730364375608446,224.07856476756845,5.033398710872191
134,2.7758029803207274,226.85436774788917,13.201621509082628
135,4.336429723994909,231.19079747188408,14.805736837927302
136,3.337183511213591,234.52798098309768,11.095690444089701
137,3.861505186861083,238.38948616995876,10.283217701378527
138,31.680527273693695,270.07001344365244,5.264671585442489
