1,0.0,0.0,4.9392496644186785
2,0.0,0.0,4.864661745717694
3,0.0,0.0,6.168476566895548
4,0.0,0.0,5.535024884534591
5,0.0,0.0,4.145405616595843
6,0.0,0.0,3.569737355308541
7,0.0,0.0,4.580997307350891
8,0.0,0.0,4.771007509572079
9,0.0,0.0,6.79338365800852
10,0.0,0.0,4.930012513580679
11,0.0,0.0,3.6326083113001486
12,0.0,0.0,4.084870303962782
13,0.0,0.0,3.048597896790713
14,0.0,0.0,4.223768338049812
15,0.0,0.0,6.432985333117209
16,0.0,0.0,6.139201810457701
17,0.0,0.0,4.105009257603003
18,0.0,0.0,6.583197395883374
19,0.0,0.0,3.2227567224471905
20,0.0,0.0,5.661269839372159
21,0.0,0.0,3.7818216573290666
22,0.0,0.0,5.698853580841545
23,0.0,0.0,5.300378000223882
24,0.0,0.0,5.087046929464788
25,0.0,0.0,6.900941267818918
26,0.0,0.0,6.505471810494785
27,0.0,0.0,6.378372505692941
28,0.0,0.0,3.041396548416752
29,0.0,0.0,5.100271177843686
30,0.0,0.0,3.5681006943414055
31,0.0,0.0,5.132566545148263
32,0.0,0.0,4.8206819350034005
33,0.0,0.0,6.414048814126893
34,0.0,0.0,6.056961685091802
35,0.0,0.0,4.038893576366021
36,0.0,0.0,5.504854463716032
37,0.0,0.0,6.454672553616372
38,0.0,0.0,6.722122691167344
39,0.0,0.0,5.698327381341378
40,0.0,0.0,6.99312517792541
41,0.0,0.0,6.454573881233485
42,0.0,0.0,4.487550670822337
43,0.0,0.0,5.221621746753283
44,1.2193147393921027,1.2193147393921027,5.491808510128546
45,0.3831782766272814,1.602493016019384,6.934855098490374
46,0.4777306859575806,2.0802237019769647,5.302992757748717
47,0.5203564743890656,2.60058017636603,5.423010144983689
48,0.39355360323713623,2.994133779603166,5.961541197051694
49,0.34297488103541046,3.3371086606385765,6.913058902495896
50,0.45829512988739074,3.795403790525967,3.31998879537865
51,0.05630729794637102,3.8517110884723382,4.624548616012808
52,0.6505709885298889,4.502282077002227,3.824382932412898
53,1.392462142622099,5.894744219624326,3.906933935213235
54,0.7764469958281299,6.671191215452456,5.084118346839775
55,1.099823126551328,7.7710143420037845,4.668752641901673
56,0.04482391951136027,7.815838261515145,5.986849751615514
57,1.1855428575461475,9.001381119061293,5.022765438167715
58,0.20034905737104058,9.201730176432333,5.532668597396752
59,0.0544479767910866,9.25617815322342,4.859183451320133
60,0.9072525957966171,10.163430749020037,5.641543012027245
61,0.5010063530213781,10.664437102041415,3.895139215004011
62,1.0674598881737647,11.73189699021518,5.7750677164124
63,0.18509349916904136,11.91699048938422,4.247533125417801
64,0.22674714355578496,12.143737632940006,3.7440673678417626
65,0.7014636708880291,12.845201303828034,5.09790127253194
66,0.9447617284375773,13.78996303226561,5.772766603916699
67,0.33169946830858377,14.121662500574194,5.447496143554156
68,0.21851624327371036,14.340178743847904,6.697874337956419
69,2.2639276206160757,16.60410636446398,5.285194351975722
70,1.4694168431064176,18.0735232075704,6.843946373198133
71,1.7676182945681553,19.841141502138555,6.808584165892291
72,0.0011874196996873663,19.84232892183824,6.867241577411855
73,0.10961493744669433,19.951943859284935,4.018472497162292
74,0.348334749358284,20.300278608643218,4.517850089689401
75,1.1161694017706196,21.416448010413838,5.0790818207459845
76,0.07725182278056475,21.493699833194402,4.783672708614759
77,0.1569287781651674,21.65062861135957,4.750519726406201
78,0.4332940839638255,22.083922695323395,4.861522272986719
79,0.5608705641806305,22.644793259504024,3.319567013220135
80,0.688071246934637,23.33286450643866,6.734338096698876
81,0.955023815916457,24.28788832235512,4.961615088506994
82,0.05307404495933848,24.340962367314457,4.669835590173017
83,0.10171365459390207,24.44267602190836,6.598398440513264
84,0.48173100960026166,24.92440703150862,6.211137879526413
85,0.16424239157409506,25.088649423082714,3.8213621788521692
86,0.9078393250897486,25.996488748172464,5.776447954106154
87,0.0537309792064982,26.050219727378963,3.247851466240537
88,0.33790204949066255,26.388121776869625,5.345808163517386
89,0.16818286816904884,26.556304645038672,5.3175090930701305
90,0.054449739099511174,26.610754384138183,4.478360550278399
91,1.3601501797171067,27.97090456385529,5.254208845863323
92,0.05305588327272416,28.02396044712801,3.3897399865686997
93,0.12070199976206449,28.144662446890077,4.384364699349721
94,0.157334846758643,28.30199729364872,5.031638424462691
95,0.27193615997251297,28.573933453621233,5.595325540189082
96,1.3405351874666722,29.914468641087904,6.609889001987362
97,0.005286719536067567,29.91975536062397,4.839980813492054
98,0.13914761829942526,30.058902978923395,3.6993818239609846
99,0.32453423915293417,30.38343721807633,6.323671814232247
100,0.22557562511082294,30.609012843187156,5.75313874947461
101,1.388215393086502,31.997228236273656,3.6282132645790086
102,0.004704632674637398,32.001932868948295,3.0068918410195304
103,0.4988930683727359,32.50082593732103,6.166448744018608
104,0.17820727840687614,32.679033215727905,4.68958505632194
105,0.16237278924627832,32.84140600497418,3.017355486026529
106,0.6415642394323374,33.482970244406516,5.321301689664297
107,0.2691973075272911,33.75216755193381,6.950040526612458
108,0.135713687314764,33.88788123924857,3.986875131618977
109,1.1243576697929194,35.01223890904149,4.661937978826777
110,0.5628873048818223,35.57512621392331,3.1578290850274175
111,0.3060693489879652,35.88119556291128,5.697800493096063
112,0.2500566740296529,36.13125223694093,6.735242243974222
113,0.059258481644367415,36.1905107185853,4.599430047690558
114,1.0872645690273035,37.277775287612606,5.257748511094948
115,0.4164946797207909,37.6942699673334,5.562921618382338
116,0.07762347497118005,37.77189344230458,3.389960107323143
117,0.2373768301859032,38.00927027249048,6.808532598073537
118,0.09746990697998686,38.10674017947047,4.107950959533069
119,0.2663144789111274,38.3730546583816,3.1644779534824874
120,0.1522496983573347,38.525304356738935,5.12812565851244
121,0.2064577682188412,38.731762124957775,3.2727595120361794
122,0.4784873396297133,39.21024946458749,3.9378349696099755
123,0.3281516173104193,39.53840108189791,3.65154518851467
124,0.33117603118417704,39.86957711308209,3.880123020597325
125,0.08281753613941263,39.9523946492215,5.030181015664565
126,0.026767914254210587,39.97916256347571,5.055150851553208
127,1.173491383575169,41.15265394705088,6.671550730852802
128,0.1286677795309594,41.28132172658184,5.114075962295573
129,0.3618284428918699,41.64315016947371,6.075065194714496
130,0.4826836671542389,42.12583383662795,5.888649258117685
131,0.5099327902295184,42.63576662685747,6.928789937997858
132,0.19556002397766897,42.83132665083514,4.2636005453833565
133,0.08975372895519348,42.92108037979033,4.535421365620604
134,1.7198397363681184,44.64092011615845,3.911700106368419
135,0.057383950229465984,44.69830406638791,3.2141242868301174
136,0.27089091378072844,44.96919498016864,5.983667100925475
137,0.19427997793139182,45.16347495810003,5.6385615208009945
138,0.32756691772286894,45.4910418758229,6.1234145279530106
139,0.5640511833064912,46.05509305912939,5.880078034167329
140,5.5354309324498794E-5,46.055148413438715,3.45704616286986
141,0.6400856066248544,46.695234020063566,5.018510350782835
142,0.18483356000080983,46.88006758006438,6.832816000567634
143,1.5186722363373137,48.398739816401694,5.973004029281525
144,1.6968471673399212,50.09558698374161,6.889037664183966
145,0.5224108726508458,50.617997856392456,5.763385682544089
146,0.12755941950630367,50.74555727589876,4.369759468928615
147,0.8862832559859274,51.63184053188469,4.293831889815992
148,0.7540575395970426,52.38589807148173,4.09660766185125
149,1.772535314433916,54.15843338591565,3.6683792834465727
150,0.04694154711358884,54.20537493302924,4.194276478283922
151,0.14990555033529093,54.35528048336453,5.963437079031095
152,0.07638507678532555,54.43166556014986,3.3357845756725637
153,0.29281096333559886,54.72447652348546,5.080877956958554
154,0.7684877129906558,55.49296423647611,6.075416732445969
155,0.5102439244205623,56.003208160896676,3.5797501466021844
156,0.3724830321276142,56.37569119302429,5.215068867099417
157,0.004891078442402186,56.38058227146669,6.001604075853799
158,0.40326339426357516,56.78384566573027,5.8003455756649585
159,1.2760490570650467,58.05989472279531,3.1266899075325543
160,0.8813331966375252,58.94122791943284,3.3034702525400816
161,0.03388927091682661,58.975117190349664,6.490173194329481
162,0.11961092147883551,59.0947281118285,4.368965491333565
163,0.10988572283143812,59.20461383465994,3.2704264113220627
164,0.6181918931082239,59.82280572776816,5.039131691703417
165,0.4338170422877424,60.256622770055905,3.832820009736201
166,0.85767930146662,61.11430207152252,4.582450448204904
167,0.9945742960162905,62.10887636753881,5.071824460130131
168,3.715708980102458,65.82458534764127,4.0690436814959465
169,3.3192862657965545,69.14387161343782,5.008911643372041
170,0.6375122097573894,69.78138382319521,3.295262008762463
171,6.582296865865604,76.36368068906081,6.971338319107538
172,4.3343681499950115,80.69804883905583,6.4325583503972315
173,8.185468970638265,88.8835178096941,6.022797714012709
174,1.3894016834282472,90.27291949312234,3.5020335201858743
175,0.18403619065906907,90.45695568378142,4.641071749677428
176,11.230227308626002,101.68718299240741,5.683592065490103
177,5.0041208541416635,106.69130384654908,6.9226600141099315
178,0.5592944568029081,107.25059830335198,5.015329643244341
179,4.1998502249774665,111.45044852832945,4.581580847539371
180,12.991161958874951,124.4416104872044,5.203318553895725
181,11.598374549718393,136.0399850369228,3.4491903447165915
182,5.947295128944794,141.9872801658676,5.0818442388192455
183,2.6948789945538225,144.6821591604214,4.788173062216321
184,6.964556580818241,151.64671574123966,3.563536472685064
185,3.053415940593328,154.700131681833,5.081892299141628
186,10.981075960954103,165.68120764278711,3.8965757248800754
187,0.08970832936327443,165.7709159721504,3.977992992894904
188,3.3710851140488023,169.1420010861992,6.0618929920901525
189,0.7171571047913323,169.85915819099054,5.140521338587321
190,0.15317322823129517,170.01233141922182,4.443678926447042
191,1.1849019646918466,171.19723338391367,4.7078519522287925
192,2.3148739105432363,173.5121072944569,5.252196241874692
193,20.111329639271908,193.6234369337288,6.331717420413861
194,0.0923524193775105,193.71578935310632,6.053548633433785
195,12.47754355914111,206.19333291224743,6.45622231929317
196,4.237493848535418,210.43082676078285,5.119473457380881
197,2.376986861445878,212.80781362222874,5.213882415853041
198,1.2066701287211985,214.01448375094992,4.351704472391557
199,33.611460510181566,247.62594426113148,6.265693758860941
