1,0.0,0.0,6.569612836309716
2,0.0,0.0,4.071295094084007
3,0.0,0.0,4.084162810294966
4,0.0,0.0,5.101836409399675
5,0.0,0.0,3.851457152761029
6,0.0,0.0,4.292882311085583
7,0.0,0.0,4.7174370969362585
8,0.0,0.0,6.153525996557947
9,0.0,0.0,6.6572480103508695
10,0.0,0.0,5.008267114998805
11,0.0,0.0,4.962720621969188
12,0.0,0.0,5.062067747441142
13,0.0,0.0,4.429775006602857
14,0.0,0.0,6.4739451681619204
15,0.0,0.0,6.253335869526305
16,0.0,0.0,6.3112484656728824
17,0.0,0.0,4.241099636998351
18,0.0,0.0,5.220271997133615
19,0.0,0.0,6.871623885667594
20,0.0,0.0,5.9307318731842065
21,0.0,0.0,3.89031220477725
22,0.0,0.0,6.561344941598108
23,0.0,0.0,6.800678838593191
24,0.0,0.0,6.635079015216931
25,0.0,0.0,6.462717919752972
26,0.0,0.0,6.543236738827975
27,0.0,0.0,4.211966143039243
28,0.0,0.0,6.803821643187449
29,0.0,0.0,4.766310991375325
30,0.0,0.0,3.461330446990526
31,0.0,0.0,6.008112365482804
32,0.0,0.0,3.432480654891499
33,0.0,0.0,3.1400024309515064
34,0.0,0.0,5.095168268366805
35,0.0,0.0,6.2981229138860755
36,0.0,0.0,3.098591611017688
37,0.0,0.0,4.002163178063168
38,0.0,0.0,5.493679250940013
39,0.0,0.0,6.6569288647212055
40,0.0,0.0,6.490288583054305
41,0.0,0.0,3.237844937047988
42,0.0,0.0,5.106484425344808
43,0.0,0.0,5.006727474662302
44,0.0,0.0,3.499539781818921
45,0.0,0.0,4.340421965808915
46,0.0,0.0,4.285918401225096
47,0.0,0.0,4.58287478022287
48,0.0,0.0,6.905735259403785
49,0.0,0.0,5.646826052184949
50,0.0,0.0,5.332790631015005
51,0.0,0.0,4.354977998398329
52,0.0,0.0,4.052142565974755
53,0.0,0.0,3.910996925735766
54,0.0,0.0,5.018980758513944
55,0.0,0.0,5.626753695067403
56,0.0,0.0,3.899405935299068
57,0.0,0.0,3.551240847647019
58,0.0,0.0,4.226188940326749
59,0.0,0.0,3.275521219990936
60,0.0,0.0,3.5232336808638767
61,0.0,0.0,3.3016960064500895
62,0.0,0.0,5.593514043016285
63,0.0,0.0,3.6503285430800414
64,0.0,0.0,5.724580352602935
65,0.0,0.0,4.673503360493665
66,0.0,0.0,6.6958680784122535
67,0.0,0.0,3.3835721511522743
68,0.0,0.0,6.894648307059631
69,0.0,0.0,4.664330492871015
70,0.0,0.0,4.945866980692728
71,0.0,0.0,5.964178585065057
72,0.0,0.0,4.117618793065237
73,0.0,0.0,3.7211257602834995
74,0.0,0.0,6.575488238755696
75,0.0,0.0,5.353794150087321
76,0.0,0.0,5.821513409355417
77,0.0,0.0,4.34894074634952
78,0.42198445816146213,0.42198445816146213,3.1464777128555865
79,0.8047651651204881,1.2267496232819504,6.310031813405647
80,0.639280697777224,1.8660303210591742,5.4248640408596875
81,0.40377299973019926,2.2698033207893733,6.635761185406041
82,0.12246885388033735,2.392272174669711,4.044614874448504
83,1.113439437421279,3.50571161209099,3.8850563575373025
84,0.4833541478435621,3.9890657599345523,3.579568021506613
85,0.29348088441315967,4.282546644347712,6.763403048529303
86,0.7942990691287395,5.076845713476452,5.537265607029141
87,0.4126936618930869,5.489539375369539,6.600339616307059
88,0.7069606914533856,6.196500066822924,5.55691849465307
89,0.058350940733742175,6.254851007556667,3.6561552540060003
90,1.5555949193197853,7.810445926876453,3.1013982810922696
91,0.19497423652753895,8.005420163403992,4.8708520462958855
92,0.13132397314989105,8.136744136553883,3.8169224611362917
93,0.4659672192924407,8.602711355846324,5.983286415356188
94,0.6559970030292775,9.258708358875602,6.729093196363809
95,0.6640140468518183,9.92272240572742,5.621045332448366
96,0.0936016851910886,10.01632409091851,6.335080773158115
97,2.244165476436839,12.260489567355348,6.891055440138093
98,1.5471984417570337,13.807688009112383,4.321629268172128
99,0.18175251338850676,13.989440522500889,4.471766940512794
100,0.17923645736470425,14.168676979865593,3.238085614089501
101,0.10851071997634758,14.27718769984194,3.4222796593338276
102,0.2004435946458712,14.477631294487812,5.173810695370866
103,1.0045140984493162,15.482145392937129,4.5546986284738615
104,0.33733279952585876,15.819478192462988,4.955267718782462
105,0.5968817658385297,16.416359958301516,3.7253647782068766
106,1.6431607276358533,18.05952068593737,5.626845249345349
107,0.04367783419625021,18.103198520133617,3.6606615479256535
108,0.08057329124519375,18.18377181137881,3.449442621994395
109,0.21283119652821422,18.396603007907025,3.012092618693671
110,0.03852286578939807,18.435125873696425,4.581709251606883
111,0.1294310315029648,18.56455690519939,4.69709426494126
112,0.8009685600641595,19.36552546526355,4.863975230988871
113,0.15248662062771978,19.518012085891268,4.351852827901981
114,0.6427388490859328,20.1607509349772,5.247257490515923
115,0.7330097714133057,20.89376070639051,3.7587037534124996
116,0.4301162613481896,21.3238769677387,4.5629989385746335
117,0.13135888527824685,21.455235853016944,5.209282997577725
118,0.2912213203517551,21.7464571733687,4.195203894310897
119,0.16493834309203634,21.911395516460736,6.541536116766969
120,0.14868429400654484,22.060079810467283,4.439018631282082
121,1.8786511563552009,23.938730966822483,6.71294769303919
122,0.3400197120140182,24.278750678836502,6.912501654291358
123,0.14739257503225237,24.426143253868755,3.1326711423894995
124,0.897610998033725,25.32375425190248,5.654566280825172
125,0.3349296865937782,25.658683938496257,3.524480488286936
126,0.3844490161824316,26.04313295467869,4.967388510944149
127,0.6244005585444756,26.667533513223166,5.5667459882920864
128,0.644813265977092,27.312346779200258,5.058749989147572
129,0.35912137783762044,27.67146815703788,4.678139689958414
130,0.3357872126253683,28.00725536966325,5.934795312545636
131,1.2036809628091623,29.21093633247241,3.952018776907649
132,0.05027882392195714,29.261215156394368,3.5873472990734716
133,0.3256245608425396,29.586839717236906,5.139693572453251
134,1.4542477771533469,31.041087494390254,3.583908533763556
135,0.2538689578437163,31.294956452233972,3.9109127410513533
136,0.9478969366829826,32.242853388916956,4.400002775941937
137,1.3595645686487043,33.60241795756566,6.880554479758846
138,0.22441203187312025,33.826829989438785,6.166519910697323
139,0.1395749146035604,33.96640490404234,3.9905284462790878
140,1.3491783891415035,35.31558329318385,3.49687240103452
141,0.2357848328351867,35.551368126019035,6.280967927323984
142,0.18181620585382235,35.733184331872856,3.4277116107232284
143,0.1485596899469007,35.881744021819756,4.426822282826457
144,0.04820232156193504,35.929946343381694,3.6236835512030128
145,0.21030762398809494,36.14025396736979,5.335515455988865
146,0.8752997051130438,37.01555367248283,6.180995534710022
147,0.4853222533333785,37.50087592581621,5.776340254514299
148,1.1126077493918691,38.61348367520808,3.567510848086089
149,0.5351384025216251,39.148622077729705,4.012218389487935
150,0.2518389560238862,39.400461033753594,3.2516059623036835
151,0.2555110148243436,39.65597204857794,3.8477009621792053
152,0.020054843096083658,39.67602689167402,3.0825242689466603
153,0.734506747470804,40.41053363914482,6.112689271565463
154,2.168669569834107,42.57920320897893,3.9635880981317095
155,0.5426434452816637,43.121846654260594,6.007127602747072
156,1.0297770550061776,44.15162370926677,4.294846862729475
157,0.4200194061077869,44.571643115374556,6.685373744792193
158,1.0193828160044478,45.591025931379,6.304522320971966
159,2.0388849402730242,47.62991087165202,3.140890232750077
160,0.09539081995768149,47.7253016916097,4.36141643344929
161,0.21150085812252803,47.93680254973223,6.595023915776708
162,0.5152016497287094,48.45200419946094,3.1172317917159877
163,0.22735074057688395,48.67935494003782,3.203529403861846
164,1.392461459645377,50.07181639968319,3.5055484431590167
165,1.3314764593778625,51.403292859061054,3.9035011488996947
166,0.30984441385751704,51.71313727291857,3.31036649846453
167,0.405591643692087,52.11872891661066,5.737212544468369
168,0.4947705392932035,52.61349945590386,4.507152989224499
169,0.4905690652056916,53.104068521109554,5.043232792395367
170,0.06355725536575257,53.167625776475305,6.277959634266038
171,0.2736026648825623,53.441228441357865,4.178827005148353
172,0.7057469268073296,54.146975368165194,3.3890529475407214
173,0.03307805044873977,54.18005341861393,3.9883599944840906
174,0.481238963985947,54.661292382599875,6.265416919350763
175,0.14330087213586398,54.80459325473574,3.1686903589313125
176,0.4903680048299415,55.29496125956568,4.999576030630488
177,0.40901855975637474,55.70397981932206,3.284251802065735
178,0.5810182128579008,56.284998032179956,3.0661603043220707
179,0.9804917241061899,57.265489756286144,5.666530473594786
180,0.2559911224614638,57.52148087874761,6.229419788764089
181,0.015669645439593642,57.537150524187204,3.0536588730314578
182,0.46011087615343954,57.99726140034064,3.3113067046062743
183,6.694904049683094E-5,57.997328349381135,3.317248673668906
184,0.24435304302412292,58.241681392405255,3.45801557004016
185,0.04666868414307569,58.28835007654833,5.86903506227787
186,0.1091513218555471,58.39750139840388,5.439103274508339
187,0.14807980017958508,58.54558119858347,4.907272506521002
188,0.7181007457011542,59.26368194428463,6.301207716246232
189,0.026351605957932112,59.29003355024256,6.361153910257806
190,0.25757090573886726,59.54760445598143,3.1194455655395976
191,0.5192141038275555,60.066818559808986,3.6808613232402183
192,4.344670449091307,64.41148900890029,3.242237444982017
193,1.230139281417088,65.64162829031737,6.496049930875641
194,2.9190929882050143,68.56072127852238,3.869847688632734
195,0.4551359101506098,69.015857188673,5.667713558582772
196,0.44261519190492543,69.45847238057792,6.143582670152773
197,1.1833292980287464,70.64180167860667,5.048147102252692
198,3.7351849526283916,74.37698663123506,6.323178410310276
199,5.127139797162008,79.50412642839706,6.647051509310872
200,9.017850995046059,88.52197742344312,4.8471062397454405
201,1.9480846034164376,90.47006202685955,4.267518384368056
202,2.1863089528389263,92.65637097969848,5.649406243512078
203,2.0232768644766845,94.67964784417516,5.002661869214247
204,1.527671278720836,96.207319122896,4.15434451349072
205,0.6621739762090134,96.86949309910501,5.6053384001364694
206,2.8205571973567363,99.69005029646175,4.167307710350184
207,3.7460279364993636,103.43607823296111,5.330242309710327
208,2.661190774325581,106.09726900728668,4.849310800740556
209,4.347020101850276,110.44428910913696,4.58512091283618
210,0.9488041357299428,111.3930932448669,5.989348714191715
211,5.289261630867937,116.68235487573484,6.1853651087225385
212,3.6785953766050823,120.36095025233993,3.400648500109656
213,7.272705977999477,127.63365623033941,6.45115683281126
214,5.288403360518626,132.92205959085803,5.003852299259412
215,1.6256048292571867,134.5476644201152,5.1793487030520335
216,0.42388043549986826,134.9715448556151,5.037669764179354
217,2.4762079244939463,137.44775278010903,3.371424281868277
218,1.9069084991023604,139.3546612792114,4.533003712194501
219,2.4376702206523686,141.79233149986376,3.3688878696314064
220,2.4296122133504126,144.2219437132142,3.5933266677659073
221,0.20142123980368423,144.42336495301788,5.417381175448009
222,2.7832111142118072,147.2065760672297,3.6990927053045093
223,1.172009567052761,148.37858563428244,3.9782229735679957
224,14.69997595510865,163.0785615893911,6.214647293654606
225,7.634165899803768,170.71272748919486,4.786729303319925
226,3.1317157577952672,173.84444324699012,5.379138739828468
227,5.875718036242597,179.72016128323273,3.9170681884674536
228,3.4070832253802323,183.12724450861296,3.5932580495821638
229,2.410701755865691,185.53794626447865,6.033366070746954
230,4.341552389238448,189.8794986537171,3.4157579129344486
231,3.92803203474016,193.80753068845726,6.927427049186193
232,5.329801731090546,199.13733241954782,5.35985190332488
233,9.203650253391807,208.34098267293962,6.132032525595065
234,0.03970427919290191,208.38068695213252,5.574409335059528
235,0.15177939279025093,208.53246634492277,5.54766257306559
236,0.019566572042510014,208.5520329169653,3.9727627922040454
237,4.6412332426498955,213.19326615961518,4.945050650161313
238,4.983387297201434,218.1766534568166,6.49796426373692
239,11.772456875247956,229.94911033206458,6.900898942030542
240,0.9548066099262478,230.90391694199081,3.938741375003337
241,1.521862067247438,232.42577900923825,6.898530706183488
242,2.386502259433814,234.81228126867208,4.143873025533292
243,0.4777381211229038,235.290019389795,6.362467039523172
244,11.33412280875614,246.62414219855114,5.605549423026736
