1,0.0,0.0,5.140475196898048
2,0.0,0.0,4.028840065889657
3,0.0,0.0,3.085368659970307
4,0.0,0.0,6.831782537717023
5,0.0,0.0,4.30911552028431
6,0.0,0.0,4.106889751118002
7,0.0,0.0,3.7250015683706765
8,0.0,0.0,6.769174510327705
9,0.0,0.0,3.544830796739645
10,0.0,0.0,5.6963097980735755
11,0.0,0.0,6.505220134043418
12,0.0,0.0,5.361223622618405
13,0.0,0.0,3.2168126663968475
14,0.0,0.0,4.29119423817928
15,0.0,0.0,4.893827220049495
16,0.0,0.0,3.2149651754667756
17,0.0,0.0,6.2381585810368065
18,0.0,0.0,6.6205278258865405
19,0.0,0.0,5.022434232143859
20,0.0,0.0,4.478904114017578
21,0.0,0.0,5.872048551976388
22,0.0,0.0,5.777320238656044
23,0.0,0.0,6.853263436997064
24,0.0055195523279977865,0.0055195523279977865,3.7784516312057064
25,1.0803241827977206,1.0858437351257184,3.2761260821063862
26,0.3929760686995661,1.4788198038252844,5.774240971064479
27,0.397014962425895,1.8758347662511794,6.936127981698844
28,0.021590415875963973,1.8974251821271433,6.634376447828741
29,1.0650770803447982,2.9625022624719417,5.239121273820423
30,0.1481266693653746,3.1106289318373164,3.9140202970471263
31,0.4810277888916593,3.5916567207289756,4.672303859044231
32,0.27281662367739823,3.864473344406374,3.733984900564168
33,0.41412253629586526,4.278595880702239,5.411530835553957
34,0.5353028990349262,4.8138987797371655,3.0677775028912104
35,0.32849433327952104,5.142393113016687,6.411908612968695
36,0.7499591369745365,5.892352249991223,5.259112637817859
37,0.38081139892328675,6.27316364891451,3.111875621795124
38,0.3322382973584313,6.605401946272941,5.659805103639746
39,1.726157707523232,8.331559653796173,4.580003840403943
40,1.0328699962569672,9.36442965005314,3.5727335661195796
41,0.4503528723570694,9.814782522410209,3.0985471518290146
42,0.11290623272534214,9.92768875513555,4.517503566332589
43,0.6146788088946744,10.542367564030226,5.741028572062295
44,0.34547456928591314,10.88784213331614,3.9387923790474093
45,0.3823055504837123,11.270147683799852,5.936050726324192
46,0.4397470529460511,11.709894736745904,6.3493211914655365
47,0.07336230425839718,11.783257041004301,6.9789321771901545
48,1.00794861496073,12.791205655965031,6.823713347757514
49,0.015415532166346502,12.806621188131377,4.44658686774899
50,0.8727153953058443,13.679336583437221,5.530406983180897
51,0.09811022802476053,13.777446811461981,6.900919491481776
52,1.1268103194159038,14.904257130877886,5.968127851199034
53,0.0450268190328753,14.949283949910761,3.441393720676501
54,0.32438138162634095,15.273665331537101,5.093475226848554
55,0.654222035415401,15.927887366952502,4.3145955953635955
56,0.33479644712576373,16.262683814078265,6.198671859323399
57,0.6993654598290878,16.962049273907354,5.220068121195155
58,0.09429455743649974,17.056343831343852,4.759539595444022
59,0.7040134560267777,17.76035728737063,6.243292604805507
60,0.23750485412648029,17.997862141497112,3.170612054313676
61,0.2696973638534653,18.267559505350576,6.456928046572071
62,0.2679696955801168,18.535529200930693,5.90898269955003
63,0.09539852022366134,18.630927721154354,5.9976585184443785
64,0.7689780416664527,19.399905762820808,5.25509669195586
65,0.6770342725547227,20.07694003537553,3.8502007127707523
66,3.7456243260923543,23.822564361467883,3.7704411558751296
67,0.0032110811574314353,23.825775442625314,6.876583550360692
68,1.599508520561507,25.42528396318682,5.919428249807383
69,0.22380173773546638,25.64908570092229,6.163046069065502
70,0.05556948314490373,25.704655184067192,5.024492138162449
71,0.6538644912585848,26.358519675325777,4.405603917132662
72,2.169606393731641,28.528126069057418,6.244259299161426
73,0.8267829588883164,29.354909027945734,3.44591564411366
74,1.4730148555409517,30.827923883486687,6.454276091326522
75,0.8352512540980893,31.663175137584776,6.2899543227358
76,0.7504143132399116,32.41358945082469,4.20851932686045
77,0.9472951879660669,33.36088463879076,5.2682900526806495
78,0.7134626106351405,34.0743472494259,5.724841802528568
79,0.05485125966440452,34.1291985090903,3.362017026022539
80,0.03542209527769495,34.164620604368,5.139807748375212
81,0.1186801358928484,34.28330074026084,3.7825286133088145
82,0.8104981582415617,35.093798898502406,3.1768039323532853
83,0.44703285708908475,35.54083175559149,5.992911518550953
84,0.5481671288669648,36.088998884458455,4.476444312466102
85,0.2911458864812396,36.380144770939694,5.423320617354619
86,0.0666280147885839,36.44677278572828,4.048728285762541
87,0.042985563702029134,36.48975834943031,3.75201188930583
88,0.04696541479321763,36.53672376422353,4.479371216282749
89,0.42945757154749775,36.966181335771026,4.768724467485848
90,0.12592748465358275,37.092108820424606,5.8737326102806104
91,0.07701267374947465,37.16912149417408,5.829491470457636
92,0.0757439173576186,37.2448654115317,5.8282383819900385
93,1.6719081091414139,38.91677352067311,4.62982193023576
94,0.25976585382586426,39.17653937449897,4.574539491296156
95,0.1006011086175757,39.27714048311655,6.754663628587246
96,0.19650907289429145,39.47364955601084,6.884166766830441
97,0.6353807521227288,40.10903030813357,3.2921778450477364
98,0.035796118453301745,40.14482642658687,4.395857524669127
99,0.08396048726903176,40.2287869138559,5.938619788358041
100,0.19761626655138648,40.426403180407284,3.3150703251287594
101,1.0006098469925533,41.42701302739984,4.461819278443811
102,0.02913189986598406,41.456144927265825,3.7437373707630806
103,0.03167067265149562,41.48781559991732,3.1401248399949786
104,0.7166334413415082,42.204449041258826,5.22006643448035
105,0.05474482302253661,42.259193864281364,4.246784995839976
106,0.01698174134275449,42.27617560562412,3.5146454881218956
107,0.15152997315453712,42.42770557877866,6.302746182821766
108,0.08128887885200195,42.508994457630656,5.521236549854036
109,0.13329692224965461,42.64229137988031,4.714221714733739
110,1.2454119099449408,43.887703289825254,3.5121048837533215
111,0.27635938847149893,44.16406267829675,3.3229826888052827
112,0.15535446333866992,44.31941714163542,5.247934352010935
113,0.22824213368164653,44.547659275317066,5.778370584052013
114,0.14472997011982633,44.69238924543689,4.743180958102895
115,0.1379416493656865,44.83033089480258,4.854571708666132
116,0.7273366263896542,45.557667521192236,3.8445399964410676
117,0.2611740899310859,45.818841611123325,4.188131054116858
118,0.020458866536113694,45.83930047765944,6.588000389458664
119,0.19862691932442625,46.03792739698387,6.74542828954543
120,0.504039167879587,46.54196656486346,6.023773395983885
121,0.7697456463893028,47.31171221125276,3.264057413444405
122,0.44891030553363653,47.7606225167864,6.745997754692722
123,2.976771641859234,50.737394158645635,3.191778576680336
124,0.34387858896000423,51.08127274760564,4.12034563141215
125,0.0087521122601574,51.09002485986579,4.3359855601880914
126,0.5207166833861928,51.61074154325198,3.6291630415922165
127,1.0032449347399826,52.613986477991965,5.751184021619357
128,1.7808936637127575,54.394880141704725,5.916370736943019
129,0.23159927493220334,54.626479416636926,3.031296469760976
130,0.43261786867188157,55.05909728530881,3.8671059070165996
131,0.335771470547751,55.39486875585656,3.58234832821319
132,1.2198144167894864,56.614683172646046,6.376403378210833
133,1.5474475066608717,58.16213067930692,5.321713502146922
134,1.6466112849482633,59.808741964255184,6.05217318673005
135,0.7866872958501674,60.59542926010535,4.084598764239817
136,7.929035309839937,68.52446456994528,4.071335666476898
137,5.5903277817748585,74.11479235172014,5.5046931908971874
138,12.391866554595472,86.50665890631561,3.4521056556936847
139,4.41288684855646,90.91954575487206,3.825368855136085
140,6.687706253166574,97.60725200803864,3.460570603751816
141,5.339752009087065,102.9470040171257,6.214640400305356
142,1.0524390883688033,103.9994431054945,3.916309150433373
143,2.4283918535261666,106.42783495902067,4.982192932388323
144,5.390338304953486,111.81817326397416,5.613456976704849
145,5.231730891936397,117.04990415591055,3.0043830699354377
146,5.45505811789368,122.50496227380424,5.623041388084422
147,6.4040827773646445,128.90904505116887,3.578083066499166
148,4.412257540869769,133.32130259203865,6.77594656671424
149,7.579886489478428,140.9011890815171,5.800304539056136
150,4.9560213395275685,145.85721042104467,6.480426804764985
151,2.271371653195941,148.1285820742406,6.143159482495491
152,7.11875712231194,155.24733919655253,4.900548818581006
153,27.868605668794405,183.11594486534693,3.6170325229619533
154,2.677176360719977,185.79312122606692,5.761539140915246
155,0.6887153030034749,186.4818365290704,3.902199866400377
156,1.156843346035278,187.63867987510568,6.584617575543131
157,14.538669027281031,202.1773489023867,5.131980263607298
158,17.240494244008012,219.41784314639472,5.293959695730563
159,9.043778801002887,228.4616219473976,5.4577578898205985
160,10.140346823486066,238.60196877088364,6.872781111591456
161,4.919124349579052,243.5210931204627,4.820036897659661
