1,5.843251494918532,5.843251494918532,9.40653301857588
2,22.96671984861808,28.809971343536613,5.189255493827016
3,5.967088520979479,34.77705986451609,12.104747978419365
4,1.0624402505163746,35.839500115032465,9.448822153846862
5,3.3909777435283495,39.23047785856082,8.847978749611336
6,5.510698543757906,44.74117640231872,5.336658112444973
7,2.016640236915071,46.757816639233795,12.214420222279363
8,2.0612143424196883,48.81903098165348,5.608039127951248
9,2.2818018359324963,51.10083281758598,7.100026413801507
10,6.10066194505629,57.20149476264227,13.334453573284256
11,0.6902812112078027,57.89177597385007,11.49719681973206
12,8.074273607560968,65.96604958141104,11.360961430326773
13,1.5884988701438996,67.55454845155494,11.724927438499599
14,0.2725731718210884,67.82712162337603,13.91733914771842
15,0.012600751080469598,67.8397223744565,7.886680236961819
16,1.8118648641465411,69.65158723860304,11.243352201914934
17,1.260406153738163,70.9119933923412,11.69967783479725
18,0.6951681978456753,71.60716159018688,11.17470173130831
19,1.0158423601280764,72.62300395031495,6.079096739766112
20,1.6096571952369896,74.23266114555194,5.073432267730446
21,0.14842239731239526,74.38108354286435,13.52975547896882
22,0.28679553028896115,74.6678790731533,11.24626317007103
23,0.9923636139391864,75.66024268709249,12.228320696293991
24,0.16237155584385513,75.82261424293635,5.955675020565395
25,0.8012813481753039,76.62389559111166,11.001881720309072
26,1.4908782557097011,78.11477384682136,10.058214631128156
27,0.3170252506381032,78.43179909745946,10.493855378291794
28,0.9859232398837546,79.41772233734322,10.311429857112614
29,2.132511351951127,81.55023368929434,6.99491712198419
30,2.8239582965063623,84.3741919858007,9.919918221758499
31,0.1089476735982474,84.48313965939896,12.13112607291673
32,0.4699815976081862,84.95312125700714,5.880774149548092
33,0.11225173704232808,85.06537299404947,13.684406490700189
34,0.29754579495515066,85.36291878900462,6.585059954863399
35,0.4592520528426497,85.82217084184727,6.839559995501631
36,0.8445828458136619,86.66675368766093,9.232619386121703
37,1.5150795731958588,88.18183326085679,6.508766441018471
38,0.4743335633014993,88.65616682415829,10.785199346410112
39,1.3550611315886103,90.0112279557469,10.19022942540361
40,0.3873879465029705,90.39861590224987,14.471969274575109
41,0.4482935173849667,90.84690941963484,12.443053215687119
42,2.286733705918898,93.13364312555373,9.861814227628162
43,0.7211828586282614,93.854825984182,5.126804761668314
44,0.0602671696646123,93.91509315384661,12.37352651424184
45,1.429359943766194,95.34445309761281,6.046930502075533
46,5.011857299634481,100.3563103972473,7.311160126136747
47,0.6488092049847058,101.005119602232,11.935934802205159
48,3.6402073121585095,104.64532691439051,7.962813606541324
49,0.32849137996842065,104.97381829435894,8.170450497246781
50,0.30963850241063806,105.28345679676957,5.952562528274308
51,0.455245677937435,105.73870247470701,8.31787962125548
52,0.6071365612013501,106.34583903590836,5.97372005193158
53,0.5384414684453799,106.88428050435374,7.901569890133921
54,0.020633129502137984,106.90491363385588,5.055189769625623
55,1.3232907605645003,108.22820439442039,10.480955279689137
56,0.4244856958532057,108.6526900902736,10.801219612840608
57,1.347764019435393,110.00045410970898,13.089262305190982
58,0.6430092247688083,110.64346333447779,12.619806613635312
59,1.3554441570636553,111.99890749154144,7.504049567780359
60,1.3646650296856742,113.36357252122711,8.230538849120745
61,0.6056347925179139,113.96920731374503,6.7104586659876455
62,0.8966094200996614,114.8658167338447,14.689862577173521
63,0.13179015936541902,114.99760689321012,5.648729286905554
64,0.9866604773664902,115.9842673705766,7.496070923947627
65,0.3021247219901837,116.28639209256679,14.978758574393016
66,0.6927090185476104,116.9791011111144,5.419306312626371
67,1.16640272052479,118.14550383163919,6.129775217468477
68,0.27915628837553363,118.42466012001472,5.907355216052135
69,1.3493914667684335,119.77405158678316,13.05742276872821
70,1.524873376842546,121.29892496362571,10.04580644682743
71,1.1899178330106415,122.48884279663635,9.423117754700527
72,0.48736722638600893,122.97621002302236,14.120502989528523
73,0.2996477910155513,123.2758578140379,6.5493224736475
74,0.8389006355194117,124.11475844955731,14.422178565910103
75,2.679212719280026,126.79397116883734,7.955706754367323
76,0.3579306006074871,127.15190176944483,7.818820553133159
77,0.00504422099258333,127.15694599043742,12.560391452944371
78,0.9729666597718557,128.12991265020926,14.673653796495037
79,1.4323940784397202,129.562306728649,5.875041244418844
80,1.773566054514375,131.33587278316335,7.403136369756963
81,0.6554955989096607,131.991368382073,12.102142614716639
82,0.617235129253089,132.6086035113261,10.320916541887097
83,2.6604177448320594,135.26902125615814,6.388755136539893
84,1.0645552867387709,136.3335765428969,8.715133949324153
85,0.18566738063516977,136.5192439235321,14.011853131306086
86,2.640741026117875,139.15998494964995,7.057374346898346
87,0.23646895826360245,139.39645390791355,12.070025643738305
88,1.2987658579386807,140.69521976585224,5.680541021828784
89,0.9346569293077531,141.62987669516,6.070121828401255
90,0.3395255737773229,141.96940226893733,13.144253256720441
91,0.21824815032932132,142.18765041926665,5.954990277804519
92,0.3040693812415976,142.49171980050824,8.047297468397687
93,0.9569669956558416,143.44868679616408,9.993151550990783
94,2.063335047456852,145.51202184362094,6.482987598183804
95,0.6672645503861397,146.17928639400708,7.698510402886658
96,0.6186779503459515,146.79796434435303,7.243243057343425
97,1.2169118479948782,148.0148761923479,6.045682410117315
98,0.33213446229381627,148.34701065464174,14.79752715708499
99,0.15125725136595414,148.4982679060077,6.256634545062259
100,1.3427164709631882,149.84098437697088,7.029645687102577
101,1.1929528827539877,151.03393725972487,11.980352517595666
102,0.8465273687472015,151.88046462847205,9.213569227017675
103,0.5311191251311754,152.41158375360322,6.5661464849397575
104,0.07328235513428512,152.48486610873752,8.5303629407459
105,0.7761511902209605,153.26101729895848,14.8005216151416
106,1.2793645153194735,154.54038181427796,7.056774603944742
107,1.3388460517865115,155.87922786606447,9.553870207622166
108,1.189382682906819,157.0686105489713,8.82471971444054
109,1.7252465710674652,158.79385712003875,8.571773340377975
110,3.3933327449507376,162.18718986498948,7.475652056791159
111,0.4875096243755521,162.67469948936503,8.335172229207076
112,0.15889205745290802,162.83359154681793,14.050585298985961
113,2.981024038115153,165.81461558493308,9.489108480006472
114,0.21974244039237914,166.03435802532545,7.281888194792408
115,0.06452484512956347,166.09888287045501,5.384393338818194
116,0.41295231181705333,166.51183518227208,11.343416493720582
117,1.4454560977407525,167.95729128001284,13.802721888318873
118,0.4009947289446046,168.35828600895744,14.942314208126989
119,2.7301866535583224,171.08847266251576,13.46165895509859
120,1.188234994803508,172.27670765731926,14.654217692689361
121,0.9581006329405066,173.23480829025976,14.284154362596757
122,0.7264984045859245,173.9613066948457,7.97183630868685
123,0.5995285473358916,174.56083524218158,10.588857072955442
124,0.3751554460588267,174.93599068824042,14.294288156599332
125,0.8476628826883215,175.78365357092875,11.031066153914917
126,0.46322810663621966,176.24688167756497,10.048107864525225
127,2.4209203992616626,178.66780207682663,7.14076482238534
128,0.4733552229371326,179.14115729976376,8.155077986378156
129,0.6430887127583023,179.78424601252206,6.520414997860458
130,0.6443450824432263,180.4285910949653,5.816407516629215
131,6.983478765856235,187.41206986082153,6.861711066275547
132,12.233314709236216,199.64538457005776,8.247757246567573
133,0.12650323121289592,199.77188780127065,6.342402405863349
134,4.513036267042129,204.2849240683128,6.715349236217345
135,12.249428202538473,216.53435227085126,13.791684302090237
136,8.553100814765227,225.0874530856165,14.380385026134824
137,0.8415584469221632,225.92901153253865,7.003229823675593
138,2.1170244491695493,228.0460359817082,5.322221883234698
139,1.5317150442160632,229.57775102592427,6.735743617781061
140,14.56939352691518,244.14714455283945,8.5036174418974
