1,10.845804596741297,10.845804596741297,9.548368297765894
2,2.268897649890018,13.114702246631316,10.010148731784223
3,4.649277346034355,17.76397959266567,5.089778175713462
4,1.1597781138095389,18.923757706475207,8.832383164195793
5,2.673577388000401,21.597335094475607,5.532371347458995
6,2.161696507266753,23.75903160174236,11.921364361197288
7,2.682090675885255,26.441122277627617,9.652389012903466
8,3.602380992046596,30.04350326967421,13.679292970374755
9,20.363362023047298,50.406865292721506,8.112658069208935
10,5.268879359121322,55.67574465184283,10.960621822270289
11,0.5016634480015835,56.17740809984441,6.728228943254317
12,11.142679151819184,67.3200872516636,14.884681048361973
13,0.9066719692415223,68.22675922090512,14.235893283337651
14,1.3825361457288978,69.60929536663402,9.325230097201565
15,1.1726646147121869,70.7819599813462,9.57108427312783
16,0.21059240846495003,70.99255238981115,13.185922792987522
17,0.4044211035822358,71.39697349339339,5.050263531020853
18,0.9245652261412002,72.32153871953459,14.198365807875788
19,1.8681634126454234,74.18970213218002,10.226999426405696
20,0.47442945686861737,74.66413158904864,12.07089801749467
21,1.1006807420957,75.76481233114434,6.830701541936594
22,5.2233204385405365,80.98813276968488,7.969692048108559
23,0.4259197307098906,81.41405250039477,14.3099526500453
24,0.16793495131917907,81.58198745171396,6.4925243835528725
25,0.13570755626120748,81.71769500797517,10.606534091153874
26,0.10963823600066079,81.82733324397583,6.982105777833504
27,0.2085906209910875,82.03592386496692,7.316005941859988
28,1.0626075918143714,83.09853145678129,7.81827901865431
29,0.5599230067722935,83.65845446355358,14.301025339968369
30,2.845678238705987,86.50413270225957,13.624370258423049
31,0.975811050051895,87.47994375231146,8.899113222046346
32,0.09887484156975923,87.57881859388121,10.281656495116442
33,0.76123463740244,88.34005323128365,13.652230897653274
34,0.7997960094680271,89.13984924075167,14.180728787070276
35,3.2283401857705933,92.36818942652226,13.170692432199779
36,1.41503090453477,93.78322033105704,7.396050300070739
37,0.5557151376260373,94.33893546868308,8.439383677928127
38,0.2797661655770336,94.6187016342601,11.983742784599064
39,0.9016543838036702,95.52035601806378,10.80042355976703
40,0.14260899492088003,95.66296501298466,10.408456605481764
41,2.157556520023916,97.82052153300857,10.555378536484037
42,2.2833861139672553,100.10390764697583,12.580233409646107
43,0.7917316452910854,100.8956392922669,7.004291562563997
44,0.7008937314681439,101.59653302373505,9.37839282106988
45,0.36117291258659745,101.95770593632164,13.570966554121274
46,0.40151429780075465,102.3592202341224,14.107022887368512
47,0.4560088437011405,102.81522907782355,5.773009340586515
48,0.10485883461151731,102.92008791243506,11.228120787656405
49,0.16081896941170043,103.08090688184677,12.531334537876361
50,1.0136293647337433,104.09453624658052,8.693279134337608
51,0.3072932580145642,104.40182950459509,8.037294512802383
52,2.368255192425403,106.7700846970205,14.257317689261157
53,0.08531452303916572,106.85539922005965,11.005263374862846
54,0.550358193223682,107.40575741328334,7.88700147484739
55,0.18631553531594747,107.59207294859928,14.95315530248904
56,0.14956601820032212,107.7416389667996,14.32644199206281
57,0.5846721388661639,108.32631110566577,8.929034445844652
58,0.33492279757412285,108.66123390323989,11.992347438923543
59,0.0019853903830736666,108.66321929362296,11.406417954024135
60,1.485321811335374,110.14854110495833,7.294226746845752
61,2.398843490765715,112.54738459572404,12.446136029494475
62,1.2683730025211437,113.81575759824518,12.728636659470615
63,0.021920679198906296,113.83767827744408,9.068842319300689
64,0.3929172398331012,114.23059551727718,8.53666256487033
65,0.14077162876584798,114.37136714604303,8.338456601232632
66,3.5748981647786047,117.94626531082163,7.0477941923951555
67,2.3109284822680403,120.25719379308967,14.28793333409589
68,0.10002113709864933,120.35721493018832,9.292094112473503
69,1.6523826629214617,122.00959759310979,7.087081635006824
70,0.692376387147009,122.7019739802568,11.966472144439097
71,0.2892320126894822,122.99120599294628,12.462332481540358
72,0.13120316682935762,123.12240915977563,7.267299492176413
73,0.19438724613221112,123.31679640590784,11.889514117769899
74,0.08644084662884403,123.40323725253668,11.460005087031448
75,1.5173558489285754,124.92059310146526,7.003327943561324
76,1.0886912517218454,126.0092843531871,6.388376633018491
77,1.0645157976499435,127.07380015083704,6.3321021354073075
78,0.5189686756176292,127.59276882645467,11.012346121647703
79,0.5793703479440929,128.17213917439878,8.722039465724613
80,0.5226093577960522,128.69474853219484,6.2629777731233816
81,0.3281358194952682,129.0228843516901,10.12653536135583
82,3.373316259180254,132.39620061087035,12.65026952759858
83,0.1142535515916767,132.51045416246203,13.072309746365695
84,0.667507463281562,133.1779616257436,12.343836239073678
85,2.2671739037509724,135.44513552949456,8.662263107253693
86,0.6123207578507663,136.05745628734533,14.580572180639685
87,3.054844478416836,139.11230076576217,12.985271908392491
88,0.3298818021873229,139.4421825679495,7.339573549553987
89,0.7415192172391923,140.18370178518867,10.844542048372
90,0.13506915644517875,140.31877094163386,7.689449982973372
91,0.008986405906236646,140.32775734754009,11.447524512245199
92,4.230880520880377,144.55863786842048,11.927847204851643
93,3.9105682319868333,148.46920610040732,14.770554585970881
94,0.09917119304300868,148.56837729345034,11.577869738692861
95,0.10388722404547936,148.67226451749582,14.722537086909291
96,0.9843680527886521,149.65663257028447,6.463310346390646
97,0.07474194234665052,149.73137451263113,12.746729734442592
98,3.751388032770852,153.48276254540198,11.584907641383513
99,0.23457180084591933,153.7173343462479,14.743678784939824
100,2.194760940567729,155.91209528681563,9.607933052891795
101,0.6489910323578211,156.56108631917346,7.375640099127376
102,1.9907210748846729,158.55180739405813,8.774639552828184
103,1.3074561217490441,159.85926351580719,10.867578412200503
104,0.21631474976200943,160.0755782655692,6.033172465809475
105,0.13154954788165674,160.20712781345085,5.97449246427259
106,0.25501872536371967,160.46214653881458,14.152027258015051
107,1.4540800360451192,161.9162265748597,5.735531775563833
108,1.9233730649560838,163.8395996398158,11.177719080293814
109,0.685869369004018,164.5254690088198,12.922235312703705
110,0.05737369448726601,164.58284270330708,12.331878489358584
111,0.27820547300735415,164.86104817631443,8.286985636077066
112,0.9387228111614258,165.79977098747585,13.788787971676317
113,2.7489598066236485,168.5487307940995,11.616565975815266
114,4.037362919763928,172.58609371386342,9.556415471148066
115,1.0650949394118105,173.65118865327523,11.709300145058688
116,0.04510296661920913,173.69629161989442,7.907291960567054
117,0.025840779360852356,173.7221323992553,6.383798402433095
118,0.10045103064766618,173.82258342990295,5.3182454177809255
119,0.064564208909335,173.88714763881228,9.578479675935368
120,1.2614756694315317,175.1486233082438,9.572082617071302
121,0.2635940604838312,175.41221736872762,12.180048385327414
122,0.03407068668574734,175.44628805541336,13.284941655722294
123,0.0430514892622995,175.48933954467566,10.364675044555561
124,0.22073545215180404,175.71007499682747,6.406724157184778
125,2.1241843562422336,177.8342593530697,12.722514639372674
126,0.5708466576156349,178.40510601068536,10.840584809432945
127,0.12921250288820968,178.53431851357357,6.762783253886507
128,3.3002331335698774,181.83455164714346,10.03173850023251
129,5.9459339341638575,187.78048558130732,11.797685799525972
130,2.2829860759921448,190.06347165729946,12.142664763318919
131,7.950553317410644,198.0140249747101,5.629632482633906
132,12.570470368136526,210.58449534284665,6.870726001645861
133,8.93594088191535,219.520436224762,9.814390844391372
134,0.321352591922621,219.8417888166846,5.466587175292278
135,16.122893795935852,235.96468261262046,12.115407458855119
136,3.6721704286117274,239.6368530412322,11.1790046135218
137,3.7050196115325447,243.34187265276475,9.802435230614515
