1,1.888464488971155,1.888464488971155,5.066904553761643
2,2.7598197567493257,4.648284245720481,12.033916797355639
3,5.307981662954725,9.956265908675206,6.659029307812521
4,5.451248215480761,15.407514124155966,6.505122266539787
5,1.1201579389380565,16.527672063094023,9.359399985678229
6,4.903175533637008,21.43084759673103,8.15088729855101
7,43.76616153199499,65.19700912872602,5.895723383784678
8,1.0991460386887266,66.29615516741475,13.172648787671248
9,0.4670998709519299,66.76325503836668,12.306342098165732
10,0.05410910279392993,66.81736414116061,9.48177153737321
11,1.631530519964614,68.44889466112522,8.278453116692805
12,0.24970365575070597,68.69859831687593,11.36586574131993
13,2.0427360919900592,70.741334408866,10.344729746809119
14,1.055675025907479,71.79700943477347,10.275732117964246
15,0.3011530480890682,72.09816248286253,12.93404426587928
16,1.4019207969944485,73.50008327985698,5.271345481042141
17,0.013661143583722682,73.5137444234407,8.595830452770215
18,1.6922958766843108,75.20604030012501,11.058206246533235
19,0.08189491541468381,75.28793521553969,11.391189635164483
20,0.0417576664407322,75.32969288198042,13.633041486610933
21,0.0892750636916641,75.41896794567208,11.750272773029607
22,0.511012684155663,75.92998062982774,9.882991855281283
23,0.27029511719809124,76.20027574702583,13.923782129881948
24,1.6295405131972593,77.82981626022308,9.795281018922665
25,1.017534480986427,78.84735074120951,10.692842824010837
26,0.6941039673287871,79.5414547085383,10.486653846892148
27,0.6359993627326025,80.1774540712709,8.526328238856813
28,0.004246423177389669,80.1817004944483,7.526725499855868
29,0.5343689469787251,80.71606944142702,6.21843652086813
30,0.7674620082366348,81.48353144966366,14.450179142838147
31,0.003926720640940554,81.48745817030459,5.42104906347899
32,0.7209252609569566,82.20838343126155,5.056805607115726
33,0.6973530696692863,82.90573650093084,8.416822788144277
34,1.3904021049124684,84.29613860584331,6.707404830432177
35,0.8258810016570707,85.12201960750038,9.624522853539066
36,0.5412995565609325,85.6633191640613,9.278650659226962
37,1.9133017443077642,87.57662090836907,11.776778185277337
38,1.9698775639688633,89.54649847233793,11.123112358469816
39,2.5978818357622204,92.14438030810015,8.441188451341759
40,0.049310038490877804,92.19369034659103,11.158404587680163
41,1.4391817813081007,93.63287212789913,5.2478816479797405
42,0.4875442370898373,94.12041636498897,13.762631695966313
43,1.1426814672291392,95.26309783221811,13.190451686651453
44,0.8985498093292219,96.16164764154733,13.140854542770665
45,1.2824220414941936,97.44406968304153,9.583155331946715
46,0.16791436464440204,97.61198404768594,12.187638996517784
47,0.2810850091130319,97.89306905679896,13.241998549654566
48,0.5158720606264809,98.40894111742544,5.347995508408191
49,0.08982915439362668,98.49877027181907,12.382213494392454
50,2.2811589120566893,100.77992918387577,10.693012347892184
51,0.15466425131946376,100.93459343519523,5.603923134599943
52,0.6412801462522736,101.5758735814475,11.746680052062967
53,0.7399802474943397,102.31585382894184,6.531809977348463
54,0.419228073257906,102.73508190219975,8.803865060917264
55,0.31309426062372747,103.04817616282348,11.85498770652049
56,0.5891719248756736,103.63734808769915,12.642126366694797
57,0.010302170783707171,103.64765025848286,13.359221978147733
58,0.2905364137055453,103.9381866721884,11.730188710333252
59,0.4645065300154956,104.40269320220389,13.00205869584941
60,0.7877516229453569,105.19044482514924,5.909789029462966
61,2.1775730270399674,107.36801785218921,10.142113121541376
62,1.0655067384646435,108.43352459065386,7.4099922238052365
63,1.041010968411533,109.47453555906539,7.727121915088268
64,0.43559254279577664,109.91012810186116,11.003126522023276
65,0.17187021684146736,110.08199831870263,10.706435191187323
66,0.19878779809885228,110.28078611680148,8.34246118933546
67,0.39639596207111666,110.67718207887259,10.870516042133756
68,4.014363555322416,114.69154563419501,12.003017902311635
69,0.9096998604784716,115.60124549467348,6.993129261924638
70,0.08997250205432127,115.6912179967278,5.011434466184523
71,1.514184098682317,117.20540209541012,11.22192897925206
72,2.0415464343556065,119.24694852976573,5.142598273466863
73,1.521012568993678,120.76796109875941,9.393499251227468
74,0.6565549534772394,121.42451605223665,7.792936401208166
75,1.1178064325946735,122.54232248483133,14.693251314883897
76,0.05081514801505556,122.59313763284639,7.656463331819555
77,1.2506399370614467,123.84377756990784,12.194522761766997
78,0.28539090123787936,124.12916847114572,6.84191403678771
79,0.13723166578454318,124.26640013693026,14.905191688073339
80,0.6414054060991099,124.90780554302937,13.97794027424974
81,0.8675311023714353,125.7753366454008,10.65034328739467
82,0.3848788835896032,126.1602155289904,14.918436329636275
83,0.9074382273406193,127.06765375633103,12.271143428293055
84,0.575683184096102,127.64333694042713,9.511999409403405
85,1.2650900257295747,128.9084269661567,5.9176441775444975
86,0.8683262095264467,129.77675317568315,9.559444490353892
87,1.7568194834014685,131.53357265908463,6.5798209970869594
88,0.3200988347812023,131.85367149386582,7.720842038374388
89,5.496886772964664,137.3505582668305,6.025385642473312
90,0.6863942502342806,138.03695251706478,14.148145177400023
91,3.0531727547589846,141.09012527182375,14.887795191036957
92,2.152151142668158,143.2422764144919,6.788745845196954
93,1.35071613674596,144.59299255123787,13.835426170840995
94,0.7066880525309939,145.29968060376888,5.739472088503605
95,0.10611845496817804,145.40579905873705,10.88988002586738
96,0.45300843367342375,145.85880749241048,13.207358287388642
97,0.13374617487999305,145.99255366729048,12.265997951059578
98,0.13444151114587488,146.12699517843635,13.781225357797302
99,3.513952284350132,149.64094746278647,6.0023609919028615
100,0.1360369763079229,149.7769844390944,13.073467323867966
101,0.00355537080822918,149.78053980990265,7.417231859154021
102,0.6889262912708748,150.46946610117354,14.15643431881939
103,1.716155400028039,152.18562150120158,8.965352445698077
104,0.8209887986802552,153.00661029988183,13.282396198749032
105,1.471161918308536,154.47777221819035,7.922962432603118
106,1.3131774990553646,155.79094971724572,14.442449002478
107,2.74955219984213,158.54050191708785,13.401004333572425
108,0.04491979444529812,158.58542171153314,13.756611645528354
109,0.18184479077097956,158.76726650230412,10.49807952812861
110,0.20813038813850973,158.97539689044262,9.240286988628704
111,0.966281799771433,159.94167869021405,7.282194014352395
112,1.4538806002373428,161.3955592904514,7.036889598310538
113,1.1933889561571807,162.58894824660857,5.3818530086437
114,1.0302584626654034,163.61920670927398,13.883813813685233
115,0.08175821770148982,163.70096492697547,5.765632519556666
116,0.19393830614486174,163.89490323312035,10.64964155649219
117,0.1453850445797311,164.04028827770009,14.047934621624442
118,1.2920482731643126,165.3323365508644,13.821000076236828
119,0.4338530750579939,165.76618962592238,6.723415509014298
120,1.366910079647685,167.13309970557006,10.308642581789863
121,2.078687782791074,169.21178748836113,10.966185077075668
122,0.7643719371800087,169.97615942554114,10.884080969418003
123,0.09226991993731237,170.06842934547845,11.705843216830377
124,0.39853741114127683,170.46696675661974,9.493134306842336
125,0.0573849457797684,170.5243517023995,9.763248293068227
126,3.0690615055253843,173.5934132079249,14.95780061742579
127,1.1442774393004205,174.73769064722532,6.576539245403033
128,0.2502971063944052,174.98798775361973,9.484162595283205
129,1.6654878716608994,176.65347562528063,6.155530183804123
130,0.18228241936459347,176.83575804464522,9.682120321571858
131,1.3184274473096271,178.15418549195485,8.95431566819051
132,2.7118926665715395,180.8660781585264,9.741751785426885
133,20.156649970626084,201.02272812915248,7.4900536186498865
134,4.554274148424419,205.5770022775769,9.492064521683105
135,8.621998766909288,214.19900104448618,13.0637731593959
136,15.027105981350921,229.2261070258371,7.812846490395845
137,4.098923146272501,233.32503017210962,10.802845398879699
138,5.117943449548063,238.44297362165767,8.784040322240235
139,2.33734113878688,240.78031476044455,14.426183083580659
