1,0.0,0.0,6.839364537077067
2,0.0,0.0,6.01198585736325
3,0.0,0.0,6.137214167468632
4,0.0,0.0,5.783653565388324
5,0.0,0.0,5.755940199088408
6,0.0,0.0,3.1049569425812544
7,0.0,0.0,5.196684889051833
8,0.0,0.0,4.85636157881855
9,0.0,0.0,6.353230236826838
10,0.0,0.0,3.8136790704797687
11,0.0,0.0,6.210153677206803
12,0.0,0.0,6.643132196984546
13,0.0,0.0,4.089561422022033
14,0.0,0.0,4.825111825366397
15,0.0,0.0,6.931079575879126
16,0.0,0.0,6.974040143591784
17,0.0,0.0,4.223081606852144
18,0.0,0.0,6.166871459963526
19,0.0,0.0,5.751936053116301
20,0.0,0.0,5.490002892902811
21,0.0,0.0,3.021196583900465
22,0.0,0.0,6.8442513952074115
23,0.0,0.0,4.898249145458053
24,0.0,0.0,6.061535886850781
25,0.0,0.0,4.992173963060066
26,0.0,0.0,4.600930808507185
27,0.0,0.0,5.586857189086897
28,0.0,0.0,6.348943293985988
29,0.0,0.0,3.9964390934062695
30,0.0,0.0,6.466734315306242
31,0.0,0.0,3.005303421091393
32,0.0,0.0,4.771203438516521
33,0.0,0.0,4.804097834810387
34,0.0,0.0,6.819093519785904
35,0.0,0.0,5.373835833668614
36,0.0,0.0,6.083602571830251
37,0.0,0.0,4.113972283869812
38,0.0,0.0,4.470788763080357
39,0.0,0.0,6.358523074341742
40,0.0,0.0,4.04474872553935
41,0.0,0.0,6.4790362314396095
42,0.0,0.0,5.71968232201286
43,0.0,0.0,4.701118414194198
44,0.0,0.0,4.946085000079396
45,0.0,0.0,4.622493380385703
46,0.0,0.0,6.937461405194043
47,0.0,0.0,6.839931177628458
48,0.0,0.0,6.425293022811325
49,0.0,0.0,6.0443309608524896
50,0.0,0.0,5.558961939776145
51,0.0,0.0,6.35880863091319
52,0.0,0.0,3.764352625374178
53,1.1987310341680928,1.1987310341680928,5.374160021321677
54,0.13039264210064375,1.3291236762687366,3.0667412820060562
55,0.6619323100035767,1.9910559862723134,5.96259542241863
56,0.17021143149963025,2.1612674177719438,3.412655817319752
57,0.8341378909936339,2.9954053087655774,3.7836640191019137
58,0.5426343163726555,3.538039625138233,4.754281134831089
59,0.038457003873029035,3.5764966290112623,3.2314004384556
60,1.9021465486583715,5.478643177669634,5.711555966855954
61,0.23121166641749702,5.709854844087131,3.907162316821104
62,0.03267319750538544,5.742528041592516,5.478451963201726
63,0.46900806277861645,6.211536104371133,6.746451241385991
64,0.28738385241184233,6.498919956782975,3.4539627008963003
65,0.11722174452715564,6.616141701310131,3.222184659546143
66,0.3312255247331474,6.947367226043278,3.4639776877584056
67,0.3010221429001883,7.248389368943466,3.9585179753315254
68,1.7261211754521188,8.974510544395585,4.859872604315791
69,0.44872360146094237,9.423234145856528,4.407515444756824
70,0.35541888426956425,9.778653030126092,4.14273804710092
71,0.20768895521978392,9.986341985345875,4.093444714936807
72,0.9795989390845115,10.965940924430386,6.959187300858755
73,1.8422882772455131,12.8082292016759,4.275664549124437
74,0.052918302674323,12.861147504350223,5.856264405327986
75,0.6524738422767303,13.513621346626953,5.058469576363994
76,0.7060549789463179,14.219676325573271,5.04594131077474
77,1.452458338574054,15.672134664147325,3.9502368263091143
78,0.26230203170660304,15.934436695853929,4.386681252183649
79,0.020452397718464566,15.954889093572394,5.363795656238022
80,0.19764800069769378,16.152537094270087,4.461375241055467
81,0.509072186075302,16.661609280345388,3.9204522931648027
82,0.010878474854971018,16.672487755200358,5.443339093218757
83,0.270238868548335,16.942726623748694,3.6889983527361494
84,0.31896660376596014,17.261693227514655,5.1485162558223205
85,0.28797943456698427,17.54967266208164,4.901173766547984
86,0.21329583820586756,17.762968500287506,4.508474437136529
87,0.6711727804280605,18.43414128071557,4.152767804510146
88,0.021711227675858712,18.455852508391427,5.775667020942203
89,1.193061477813879,19.648913986205304,5.608135069911349
90,1.2383480302393615,20.887262016444666,4.099589145858774
91,0.02452626583403696,20.911788282278703,5.814966039106969
92,0.7455882035877853,21.65737648586649,4.315269316103713
93,0.36099126165499984,22.018367747521488,5.139442297196072
94,0.5342855401166028,22.55265328763809,4.259499788689814
95,2.3655111719591875,24.91816445959728,6.258570668093638
96,0.24767926082634825,25.165843720423627,3.5283589022445825
97,1.4075405117469983,26.573384232170625,6.8524061419771
98,0.0075903870865690806,26.580974619257194,3.3539814863788453
99,0.20262742377961146,26.783602043036804,5.3412983277007005
100,0.2690315553511221,27.052633598387928,4.164255991570137
101,0.06514894102447343,27.117782539412403,4.706337578697273
102,0.8607617157422264,27.978544255154628,6.687016056546947
103,1.1939128743619773,29.172457129516605,6.182179388982812
104,0.9788083036243317,30.151265433140935,3.8878248461733547
105,0.04469300882142507,30.19595844196236,4.241766926241265
106,0.10981945846874078,30.305777900431103,6.857282856057662
107,1.0749727292239564,31.380750629655058,6.749831390967869
108,1.5188394647788117,32.89959009443387,4.771884061460306
109,0.5238251138354955,33.42341520826936,4.650301794847844
110,0.8174639937097324,34.24087920197909,3.7785505251094587
111,0.11456131411734367,34.35544051609644,3.438953539758126
112,0.04511245248432177,34.40055296858076,3.372099379664552
113,0.4825221249730587,34.88307509355382,3.5556300690289175
114,0.03787666900244156,34.920951762556264,3.4840394164379487
115,0.039105115699517703,34.960056878255784,3.845603290083639
116,0.3876992837255677,35.34775616198135,5.063503447600487
117,0.31349280347154285,35.66124896545289,5.130744971451428
118,0.6585323082643343,36.319781273717226,3.615085819554652
119,0.06413719148012631,36.383918465197354,4.308984834595147
120,0.11161279964523278,36.49553126484259,5.958594509389636
121,0.10344946963441383,36.598980734477,5.091554614121458
122,0.11175866945059815,36.710739403927604,6.899338479369749
123,0.2024022878713263,36.913141691798934,4.10310828936867
124,0.1930387868692916,37.10618047866823,6.294672832063998
125,0.00154756484763309,37.10772804351586,5.316065123567871
126,0.14927300544905187,37.257001048964916,3.974531874301886
127,0.6241625960329656,37.88116364499788,5.143961480595879
128,0.024988187882606566,37.90615183288049,4.225714493101361
129,1.4176695456646073,39.3238213785451,3.632119338650468
130,1.5002505410028366,40.82407191954793,4.020990255807343
131,2.911598289097088,43.73567020864502,5.542412060355067
132,0.16006925590369034,43.89573946454871,3.6852808808396533
133,0.8266942408384096,44.72243370538712,4.824671991103507
134,0.1262369570361102,44.84867066242323,5.6152197313525525
135,1.3510031217268312,46.199673784150065,5.690070234594513
136,0.12241277141345518,46.32208655556352,5.967344451010849
137,0.6444609275207318,46.966547483084256,4.641701312877891
138,0.8228803891887265,47.78942787227298,5.463814620777603
139,0.056822063782996375,47.846249936055976,6.886048924713541
140,1.171500047452487,49.017749983508466,4.761335494255305
141,0.19451915110144394,49.21226913460991,6.544604199221748
142,0.6322457027704786,49.84451483738039,4.696040153109701
143,1.3280941400012611,51.17260897738165,5.267158905784795
144,0.1679735746895076,51.340582552071155,4.9704877912945715
145,0.002469885623459703,51.34305243769462,6.717633611214082
146,0.6618910867886717,52.00494352448329,6.7865155163550765
147,0.615765865868693,52.62070939035198,5.864763213806789
148,0.28672786835575237,52.90743725870774,3.385815260972348
149,0.6225676610004003,53.53000491970814,6.433667656596798
150,0.2583730512735773,53.78837797098172,3.10736629988752
151,0.34382573778546993,54.13220370876719,3.1423271150309224
152,1.0144879138860419,55.146691622653236,6.215263822750037
153,0.2413584466714749,55.38805006932471,5.543489082103392
154,0.15458104701413508,55.542631116338846,5.667376161540432
155,0.43148361053282275,55.97411472687167,5.983533045907411
156,0.20100489247456696,56.17511961934623,5.187536702660589
157,0.08570331499514319,56.26082293434138,4.126641459212253
158,0.1662982002770116,56.42712113461839,5.1586538197853145
159,0.4439680643994252,56.87108919901782,5.226406106573181
160,1.21966430997564,58.09075350899346,4.143346887023782
161,0.5200727267918425,58.610826235785304,4.358533315247887
162,0.3911626386957901,59.00198887448109,4.169260823736735
163,2.368487560845735,61.37047643532683,3.9440210590849
164,5.687353848710417,67.05783028403725,5.679779790273467
165,14.934661682159609,81.99249196619687,3.1885319534496954
166,2.818782352392239,84.8112743185891,6.6075028025392895
167,9.908836795171723,94.72011111376082,5.277800749261342
168,5.262337873653367,99.98244898741419,5.935579277473472
169,2.7337570825431863,102.71620606995738,3.0437141144382807
170,0.21337253865777353,102.92957860861516,6.129470439553201
171,0.49330412605411605,103.42288273466927,4.747559602821838
172,2.849894098014123,106.27277683268339,4.135798178150578
173,1.0764950316959407,107.34927186437933,3.5683650979001102
174,17.390540419367206,124.73981228374655,5.0083129454411655
175,0.7731278950061988,125.51294017875274,5.06667544942603
176,3.8013440110014214,129.31428418975418,3.843318969884868
177,0.15678798819653883,129.4710721779507,6.4235535624411755
178,1.1984746834045432,130.66954686135526,5.636923878887931
179,9.573716732798802,140.24326359415406,4.411375641064946
180,0.5844937620283351,140.8277573561824,3.9619212318678905
181,2.3482083084792285,143.17596566466162,6.563641770503647
182,0.606370686061727,143.78233635072334,6.106307243009548
183,0.8039205791970461,144.58625692992038,4.711699239763775
184,8.987668501807104,153.57392543172747,5.809397219399257
185,0.32522500017537004,153.89915043190285,4.263645978958399
186,11.702066094345504,165.60121652624835,6.843785654087852
187,6.305938487950481,171.90715501419882,5.358908309316641
188,1.3280327960292149,173.23518781022804,6.393290756411245
189,9.573447350575144,182.8086351608032,5.2662267657729664
190,0.14894830034950313,182.9575834611527,3.7124079765836666
191,2.2169524522940547,185.17453591344676,3.520398068221268
192,1.0705477878262772,186.24508370127305,6.616314899252911
193,3.1838861984424116,189.42896989971547,6.719784224555753
194,0.30440832710105936,189.73337822681654,3.1870242087489
195,4.645661161376584,194.37903938819312,5.147117895358363
196,4.348018233218736,198.72705762141186,4.13749814450924
197,2.97345773368409,201.70051535509594,3.725412109777767
198,17.482026145717036,219.182541500813,4.548337864525829
199,1.2025912406591057,220.3851327414721,5.983174223490137
200,1.1243602844716063,221.5094930259437,5.655878417362327
201,0.02900558898337531,221.53849861492708,3.2104139794792577
202,1.8700407785530995,223.40853939348017,4.387323865610263
203,3.546906092704803,226.95544548618497,6.681948639099172
204,0.7499695022915596,227.70541498847652,3.776418082476856
205,0.29915607058388805,228.0045710590604,5.409482944651124
206,4.081938223212317,232.08650928227271,5.099454406170411
207,2.62164378064411,234.70815306291684,4.994166693960613
208,4.968938411460323,239.67709147437716,5.94019772893725
209,12.96919441724383,252.646285891621,6.744179706300889
