1,2.1076995678001023,2.1076995678001023,5.842243670796674
2,19.635358802301923,21.743058370102027,8.476487971629872
3,2.930267315232758,24.673325685334785,12.31325214746732
4,4.338293232897467,29.01161891823225,11.12038082318206
5,3.29036346298686,32.30198238121911,14.849531248195236
6,4.166503545448829,36.46848592666794,14.252537590067933
7,6.751530460462696,43.220016387130634,12.751724096227672
8,4.269342286696802,47.48935867382744,5.7804929146315835
9,0.020590955760660647,47.5099496295881,9.897062370573313
10,0.7345668442793214,48.24451647386742,12.660249582744772
11,2.5615681430867894,50.80608461695421,11.87481002929007
12,6.65877727867426,57.46486189562847,8.624579389851572
13,2.1889115080303623,59.65377340365883,10.005253267927133
14,1.6800728392191566,61.33384624287799,14.251160368380654
15,1.5717229675279327,62.90556921040592,10.743755448922245
16,1.4931933061929386,64.39876251659886,14.157682678264703
17,1.4961010242410255,65.89486354083989,12.09720269596175
18,2.8194765422939265,68.71434008313382,11.05689622047722
19,0.49953486692696814,69.21387495006078,5.013531248809074
20,1.6493035510981537,70.86317850115894,10.657717058520152
21,0.7117779385614832,71.57495643972042,12.422474208001788
22,1.9581906780422893,73.53314711776271,8.264528574016381
23,0.008340857403037187,73.54148797516575,6.055797343329214
24,1.3158387737450628,74.85732674891081,10.065660535960406
25,1.109112290267948,75.96643903917875,5.327687418045539
26,0.8382042946434476,76.8046433338222,10.681671593061889
27,1.0514454314981732,77.85608876532037,11.54563936896093
28,0.8248093974609997,78.68089816278136,7.477155202471399
29,0.17463578745873018,78.85553395024009,6.8830389633582065
30,0.9559145614855413,79.81144851172563,8.467622764836294
31,0.7313695892524615,80.5428181009781,14.21883183924612
32,1.5350704613885033,82.0778885623666,8.205916055477143
33,3.352465713195435,85.43035427556202,12.083307603071058
34,0.8092829836035957,86.23963725916562,7.110865525745402
35,0.08696268309834167,86.32659994226395,6.731436823536714
36,1.37063122074177,87.69723116300572,6.627114947828149
37,1.2292352907437734,88.9264664537495,14.018336415415112
38,0.3861779227536344,89.31264437650313,14.392970667865091
39,1.2689593584860748,90.5816037349892,6.507957372835923
40,0.26183408431740923,90.84343781930662,9.83998767907844
41,0.16102556577736238,91.00446338508398,10.276365376305295
42,0.5293623456172146,91.5338257307012,14.814899533204892
43,0.7240858529647184,92.25791158366592,8.184208432564262
44,0.5360614657026712,92.79397304936859,8.372781036368517
45,1.8327329447389709,94.62670599410755,5.376646299147099
46,0.40107933236267046,95.02778532647022,9.9241248802131
47,2.1304500081094324,97.15823533457966,8.438726454401735
48,0.19109924107310539,97.34933457565276,9.49087943658211
49,0.1474685096548015,97.49680308530756,12.861806299460156
50,0.988816674386166,98.48561975969373,13.060475420743199
51,2.5122973603318877,100.99791712002562,14.608698481672244
52,0.41749146364964806,101.41540858367527,12.200297064629732
53,0.006953662997000244,101.42236224667228,14.537340444174088
54,0.2529240353053938,101.67528628197768,6.600663440180712
55,0.4381298509788805,102.11341613295656,5.742548961387745
56,0.8013176326602585,102.91473376561682,11.83216605268763
57,0.3875066737393915,103.30224043935621,14.266691037274276
58,0.058423424449027185,103.36066386380524,14.072168769181596
59,0.46297066830156636,103.82363453210681,9.628825680316009
60,1.0491372433419348,104.87277177544874,6.916767018114143
61,0.05151910817199843,104.92429088362074,8.381426443570762
62,0.10248236892639384,105.02677325254713,14.785611128541035
63,0.40615039644983475,105.43292364899696,11.262858599589723
64,2.0344261943528794,107.46734984334984,6.98421722404369
65,1.0526254092486003,108.51997525259844,9.81630306410148
66,0.9076694187704659,109.42764467136891,7.041062266348551
67,1.262004230245203,110.6896489016141,7.750551303373731
68,0.593594749547029,111.28324365116113,6.4439648782155645
69,3.0350388876455043,114.31828253880663,8.832623184252377
70,0.1785357001574434,114.49681823896407,8.666529899677467
71,0.07078372058407827,114.56760195954814,14.934159269098648
72,0.18528812993999952,114.75289008948815,10.713401876725323
73,0.5991612306999506,115.3520513201881,8.643353948194122
74,2.4824385752844127,117.83448989547252,10.565145749233924
75,0.07686001819056254,117.91134991366307,14.192756549606479
76,2.01778964067448,119.92913955433755,11.298058889552607
77,0.27571862483533055,120.20485817917289,12.840736058716258
78,1.6606763207230992,121.86553449989599,7.061825516399608
79,1.3079772565233119,123.1735117564193,14.536431379975623
80,1.1673524318179578,124.34086418823726,11.473206410941124
81,0.055396472449349726,124.39626066068661,7.976645283900506
82,0.056115265090790165,124.4523759257774,13.734720880485993
83,0.25876133639088,124.71113726216828,11.25700323992848
84,3.137008690382026,127.84814595255031,11.385130177377341
85,0.4657696928321027,128.31391564538242,8.393164637627425
86,1.784958400041747,130.09887404542417,9.873865933297555
87,0.33165543753923094,130.4305294829634,12.118557554727085
88,0.2547737799423674,130.68530326290576,6.388033592803145
89,0.1794307392256641,130.86473400213143,5.629045572883447
90,0.5470483145071277,131.41178231663855,5.9418263161824925
91,0.2562569518692348,131.66803926850778,14.246568195616353
92,0.3277565856198923,131.99579585412766,11.742480260821205
93,1.1507260243406308,133.1465218784683,11.216646737759094
94,1.308951600283789,134.45547347875208,5.352590869829771
95,0.1426810224534673,134.59815450120556,9.42441156457496
96,0.43990680188951753,135.03806130309508,14.602312445356231
97,1.3817770424096072,136.41983834550467,9.898743236166894
98,0.09250581044945069,136.5123441559541,6.637032065854902
99,0.6817207013917927,137.1940648573459,13.15804040608191
100,0.8041805260992675,137.99824538344515,8.53915806696346
101,0.5940423541738861,138.59228773761905,5.840351759789607
102,0.2641356471757622,138.8564233847948,7.935582705919981
103,1.5297306752758184,140.38615406007062,12.473590225620999
104,0.8345844620016298,141.22073852207225,6.94924874231382
105,0.30214004103660047,141.52287856310886,8.249115732430923
106,2.513671428027923,144.03654999113678,14.684014286079593
107,0.21103952432113252,144.24758951545792,12.785087918608411
108,0.09659656950409634,144.34418608496202,5.912913749060669
109,3.1783107663294214,147.52249685129144,14.800822850223025
110,0.0538815052876756,147.5763783565791,12.399284640657587
111,0.002552913336977808,147.5789312699161,7.00442371851776
112,0.39849577413581405,147.97742704405192,5.835750240861961
113,0.7531666837233345,148.73059372777524,14.0724956951727
114,0.8810526280071782,149.61164635578243,10.838408336309744
115,0.05947049784682336,149.67111685362926,14.547389576348188
116,0.33338920154339047,150.00450605517264,12.736329224723027
117,1.1360696376711292,151.14057569284378,6.3337460486123724
118,3.184559018867852,154.32513471171163,13.600089475267893
119,0.31871826141014026,154.64385297312177,9.901068172788277
120,0.5415779034099832,155.18543087653174,8.256046974541487
121,0.26280057054656786,155.4482314470783,6.52771184467994
122,0.8529737283697869,156.3012051754481,14.451617405124818
123,0.1059001232451328,156.40710529869324,12.24605266238445
124,0.40967827474973156,156.81678357344296,11.944915844607458
125,1.535352262203796,158.35213583564675,5.335501989762248
126,0.20232160858219153,158.55445744422894,8.429633469700033
127,0.0882051134153534,158.6426625576443,9.290083814962095
128,0.008353719138764105,158.65101627678305,12.508788426559445
129,0.13662995759435567,158.7876462343774,10.64801423926656
130,1.8542045131484768,160.6418507475259,8.760088903879566
131,0.2710588018041826,160.91290954933007,8.509539908734727
132,3.176202171057148,164.08911172038722,10.483332272666505
133,0.41468371186770203,164.50379543225492,13.249437076683687
134,2.000931176049274,166.5047266083042,12.943769288200635
135,1.567069850519679,168.07179645882388,8.08484339231286
136,0.0664774146410807,168.13827387346495,12.865512524711722
137,0.5933535821537048,168.73162745561865,11.619239933213418
138,0.1257330867380452,168.8573605423567,13.656619238095548
139,0.22882333779949907,169.0861838801562,6.524641354061039
140,1.7022088305103626,170.78839271066656,7.795101363639883
141,0.7389965706754662,171.527389281342,5.925424950504041
142,0.3768819329128613,171.90427121425486,14.190883765854995
143,1.3514903640452642,173.25576157830014,5.627516304227225
144,1.1816549974039714,174.4374165757041,6.5096949426573625
145,0.4040892193857495,174.84150579508986,6.985215174034644
146,0.1277541009252364,174.9692598960151,11.457493434027178
147,0.5029337015229723,175.47219359753808,11.692840803767998
148,2.7137630296981765,178.18595662723627,7.954095599546883
149,0.5110139099012759,178.69697053713753,13.888651251302116
150,0.5246081452794639,179.221578682417,12.595316914447599
151,0.05153969527181224,179.2731183776888,10.363829938915345
152,1.504319659557602,180.7774380372464,8.648944991229989
153,3.391564842761258,184.16900288000767,9.876340717686059
154,17.199486609730112,201.36848948973778,10.384152759373716
155,15.615113332757943,216.98360282249573,7.824689471946124
156,0.3648173944176761,217.3484202169134,7.5685580912087165
157,7.879527557301347,225.22794777421475,10.163220531517116
158,4.9075357193836195,230.13548349359837,9.46588346735744
159,4.2115966975194645,234.34708019111784,14.902617484343942
160,3.634042576029786,237.98112276714764,10.94575155076585
161,0.846534590040925,238.82765735718857,13.296239620824402
162,0.608248307010426,239.435905664199,12.432477605546508
163,8.831172179877004,248.267077844076,12.910447036741907
