1,0.0,0.0,3.5809952125495226
2,0.0,0.0,3.150421539114397
3,0.0,0.0,3.224507697867897
4,0.0,0.0,5.168405327364902
5,0.0,0.0,4.630375602229686
6,0.0,0.0,4.72276464238332
7,0.0,0.0,3.323782575147413
8,0.0,0.0,4.510134014554961
9,0.0,0.0,4.587184902524273
10,0.0,0.0,4.771273875434712
11,0.0,0.0,5.754011365735975
12,0.0,0.0,3.3744749165549566
13,0.0,0.0,3.67242838662587
14,0.0,0.0,3.0657608141599613
15,0.0,0.0,5.2021993495974295
16,0.0,0.0,5.541879472489222
17,0.0,0.0,6.287462592848685
18,0.0,0.0,3.410042629380246
19,0.0,0.0,3.862450075615378
20,0.0,0.0,5.584236344256475
21,0.0,0.0,4.8516794263095235
22,0.0,0.0,3.0817822036187157
23,0.0,0.0,3.23083029325147
24,0.0,0.0,5.168805980797972
25,0.0,0.0,6.202022107597285
26,0.0,0.0,5.268604394630576
27,0.0,0.0,3.4585796208495885
28,0.0,0.0,5.858024141564579
29,0.0,0.0,6.282825018599578
30,0.0,0.0,4.174015424913177
31,0.0,0.0,4.588733901404784
32,0.0,0.0,5.584713935658609
33,0.0,0.0,6.487074510498916
34,0.0,0.0,4.866544386244719
35,0.0,0.0,3.769389427441618
36,0.0,0.0,4.242051737880763
37,0.0,0.0,5.040389761041285
38,0.0,0.0,6.444076596087072
39,0.0,0.0,6.885281359073556
40,0.0,0.0,4.24535857409116
41,0.0,0.0,3.6135490529384287
42,0.0,0.0,6.927160578552345
43,0.0,0.0,4.528833855291939
44,0.0,0.0,3.8940544521706637
45,0.0,0.0,6.575510007079943
46,0.0,0.0,3.6722818311998693
47,0.0,0.0,4.684719369844726
48,0.0,0.0,6.0679379596912995
49,0.0,0.0,5.436584004291998
50,0.0,0.0,3.9044953958095623
51,0.0,0.0,5.529582105353618
52,0.0,0.0,6.105979836582845
53,0.0,0.0,4.9429076098919476
54,0.0,0.0,6.533522029124246
55,0.0,0.0,3.8640978775770196
56,0.0,0.0,4.181650495616184
57,0.0,0.0,5.40809286840579
58,0.0,0.0,5.727502028884774
59,0.0,0.0,6.641795801250204
60,0.0,0.0,4.505729211728139
61,0.421466775168954,0.421466775168954,6.7377640174423234
62,0.5928046907973876,1.0142714659663417,3.275124043133753
63,0.8897093709744908,1.9039808369408324,6.154984187851888
64,0.7875970774297982,2.6915779143706304,6.849872976836959
65,0.16961980931537957,2.86119772368601,4.11671271873003
66,0.04381792882359799,2.905015652509608,5.373740784162826
67,0.1562972322419644,3.061312884751572,3.6237568665097717
68,0.26002490638898235,3.3213377911405546,6.750679069358725
69,0.10926847322165542,3.43060626436221,6.858765754636979
70,0.5453710085497769,3.9759772729119867,3.8403131006652704
71,0.1554773958681675,4.1314546687801545,6.294122979967646
72,1.2690947748234076,5.400549443603563,6.1335540968577
73,0.4805368332708751,5.881086276874438,6.095290177792906
74,0.1478168480443848,6.0289031249188225,4.185162463108771
75,0.11105751149175272,6.139960636410575,5.971898458017964
76,0.46081554122042856,6.600776177631004,5.056753552327768
77,2.3802841940902493,8.981060371721252,5.4996999334890315
78,0.041818547770779604,9.022878919492031,4.554377801962254
79,0.24726158132576068,9.270140500817792,3.2457996225497596
80,0.33299292938347336,9.603133430201266,3.260731977771727
81,7.338648523060518E-4,9.603867295053572,6.9410064821049735
82,0.6058653133977443,10.209732608451317,3.726811702691192
83,0.2134370956856727,10.42316970413699,6.775507338808611
84,0.3373506197971902,10.76052032393418,3.4298271060007157
85,0.2837323347956502,11.04425265872983,6.126483843795385
86,0.2118181889465991,11.25607084767643,6.302011534436397
87,0.05194703559257734,11.308017883269008,6.470470071322644
88,0.1455260387794538,11.453543922048462,3.1692751606411664
89,0.20318336352594188,11.656727285574403,6.72778358306154
90,0.9763391378134374,12.633066423387842,6.409692900303679
91,0.875837357887158,13.508903781275,6.37010884668549
92,0.8599886750199284,14.36889245629493,4.731912184409672
93,0.16737547997252383,14.536267936267453,4.923884959095375
94,0.5845638816800478,15.1208318179475,3.597472527269219
95,0.15216852717321694,15.273000345120717,3.983841135508394
96,0.48837633319036156,15.761376678311079,4.602238708650047
97,0.37372623282453016,16.135102911135608,6.597335356062715
98,0.45651006471165895,16.591612975847266,3.7129388368482017
99,0.0751147412076097,16.666727717054876,3.713083399469556
100,0.5442541277247316,17.210981844779607,5.768530008312862
101,0.41325559934262496,17.624237444122233,4.8737550151954965
102,0.6918165590214591,18.31605400314369,4.162629058401148
103,1.4053533329795143,19.721407336123207,5.953691435037124
104,0.018107653254918338,19.739514989378126,3.0544402183437467
105,0.421214446957971,20.160729436336098,4.273862655971899
106,0.07566046285170624,20.236389899187802,4.195937648610894
107,0.19698832355523338,20.433378222743034,5.91854058133098
108,0.05801944666598701,20.49139766940902,6.535867743946508
109,0.029339076141716585,20.52073674555074,3.2750372264346916
110,0.3156931633207222,20.836429908871462,3.189903581444552
111,1.1764204305893586,22.012850339460822,3.078043425478271
112,0.4336806032676007,22.446530942728423,3.369797118542999
113,0.7293461132758587,23.175877056004282,4.955593690176707
114,0.0928471203702226,23.268724176374505,6.401261903164736
115,0.75825383790183,24.026978014276335,5.788920555291227
116,0.34589963211654734,24.372877646392883,5.870249142891097
117,0.055418131282605226,24.428295777675487,3.7408298934205875
118,0.2020336190633589,24.630329396738844,5.1615031866912755
119,0.26987007713540634,24.90019947387425,5.0602603335847505
120,0.26437313344601093,25.16457260732026,4.641761176615164
121,0.6888548945070567,25.853427501827316,3.184459518371683
122,1.4596446041234483,27.313072105950763,3.7969221911157516
123,0.7690737116925142,28.082145817643276,5.665639659095787
124,1.32511689696902,29.407262714612298,4.893227821468116
125,1.5176046158701342,30.92486733048243,3.3338009396879884
126,0.0032431603126182674,30.92811049079505,4.002879045553408
127,0.672943465963435,31.601053956758484,4.2500120034798
128,0.9761790740733491,32.577233030831835,4.08906302087108
129,0.995758724270478,33.572991755102315,6.50792237825115
130,0.314269601312884,33.8872613564152,6.131319697343244
131,0.69407115633249,34.58133251274769,3.080376898765539
132,0.6949410687584827,35.276273581506175,6.506839526796018
133,0.17285178421385378,35.44912536572003,4.357539351542442
134,0.08874392045691848,35.53786928617695,3.6188498540333116
135,0.11365059757952617,35.65151988375648,4.531987450246785
136,0.02832258860125742,35.679842472357734,4.739415148091857
137,0.5667491780282397,36.24659165038597,3.781678592959115
138,1.1151312047775255,37.3617228551635,5.5249164345122175
139,1.2959920961994482,38.65771495136295,6.812293049001681
140,0.04325405047753045,38.70096900184048,4.925297609624
141,0.4595389981928732,39.16050800003335,3.5524931361476377
142,0.12247258393718133,39.282980583970534,4.408680401116282
143,1.0774850195532408,40.36046560352378,4.946705082697056
144,0.2223020305954687,40.58276763411925,5.162193799806317
145,0.7602823408048514,41.3430499749241,5.000953923854931
146,0.19342118511984555,41.536471160043945,6.197482299249373
147,0.7887948084850459,42.32526596852899,5.225756557097955
148,0.2958284828112798,42.62109445134027,3.86865215444185
149,0.38405780056679106,43.00515225190706,3.633296213670895
150,0.2935126000496523,43.298664851956715,5.900569049829997
151,0.21956850240332781,43.51823335436004,6.0582378024637045
152,0.2713971357459955,43.789630490106035,6.267957067779279
153,0.5700709179908364,44.35970140809687,4.554357606772157
154,1.5860298502113321,45.9457312583082,4.24287402747218
155,0.3407420308414627,46.28647328914966,6.87588496700363
156,0.1063332535024366,46.392806542652096,5.757896347894288
157,0.1623241900513545,46.555130732703454,3.557442563473079
158,0.08047721362961036,46.63560794633307,3.3481398874689203
159,0.07953327956235305,46.71514122589542,4.196269171595641
160,0.5334261208189729,47.248567346714395,4.024620325736553
161,0.0830025500730645,47.33156989678746,3.915000760607296
162,0.6928737041533407,48.0244436009408,3.47643513461151
163,2.2439668730558964,50.268410473996695,4.39061867759121
164,0.7181866584744654,50.98659713247116,4.593071991018553
165,0.2760747684044379,51.262671900875596,3.755114174107772
166,0.5336736823894579,51.79634558326505,3.5361741346018727
167,0.8140611513669302,52.61040673463198,6.872443705567308
168,0.5217673031895913,53.13217403782157,3.980578657905932
169,0.5610417882668813,53.693215826088455,3.5031251372872125
170,0.12328297508056574,53.81649880116902,6.196675943681396
171,0.5065843644970015,54.32308316566602,4.343612179870883
172,0.45762046353088975,54.78070362919691,3.1486647119589506
173,0.062120181824692595,54.8428238110216,4.620234214490655
174,0.16027585482943313,55.00309966585104,6.6295797948551956
175,0.8739268023252144,55.877026468176254,6.790955575021995
176,0.03370371286087675,55.91073018103713,5.626063017237591
177,1.6390991095027163,57.54982929053985,4.626220802071836
178,2.375774093918114,59.92560338445796,6.804036720695119
179,1.5819343132995223,61.50753769775748,6.864165622306393
180,2.978788884675692,64.48632658243316,5.586463441169688
181,6.9436894406386065,71.43001602307177,5.942586249814628
182,3.5844236227099358,75.0144396457817,4.852835319334197
183,2.899429485963785,77.91386913174549,4.708528767893805
184,1.8613720126445448,79.77524114439004,3.037074384327357
185,6.048908834699473,85.82414997908951,5.004893319058061
186,1.8587616842309862,87.6829116633205,5.62710207957253
187,0.27192588952217317,87.95483755284268,4.869953027785765
188,5.677507722374254,93.63234527521693,4.195116925735874
189,3.530250505873889,97.16259578109083,4.134190454523733
190,1.7240722061859475,98.88666798727678,5.104515053114447
191,11.764544684392774,110.65121267166955,4.89859019216316
192,6.048310490370716,116.69952316204026,6.687494616365005
193,0.3815121182672903,117.08103528030756,4.083464519066638
194,10.868356982773204,127.94939226308077,3.1407941230858922
195,16.878876863326717,144.8282691264075,3.0118416881018697
196,5.222809989956655,150.05107911636415,3.3138838736816787
197,6.971694693363784,157.02277380972794,4.760543685102251
198,1.7506659303815397,158.77343974010947,3.5417699860542857
199,12.55340707567874,171.3268468157882,3.786081876895723
200,6.51106114523779,177.837907961026,3.6951154697728525
201,0.09999981516376921,177.93790777618975,3.8636565119621005
202,2.787079703008923,180.72498747919866,3.8097841411917077
203,8.413730391344513,189.13871787054316,6.458973665417926
204,0.45849777655091356,189.59721564709406,3.2371766520079404
205,2.53094130380204,192.1281569508961,5.281587323042112
206,3.5985223338946932,195.7266792847908,4.4652978241781245
207,7.619999469808518,203.3466787545993,4.134048536603441
208,7.666927279778722,211.01360603437803,3.9307628755169866
209,3.338325840060037,214.35193187443807,5.324578779103957
210,16.370587982611926,230.72251985705,6.087192782383072
211,17.061365308395636,247.78388516544564,5.60629554058106
