1,0.0,0.0,3.1704893636397222
2,0.0,0.0,4.9908095814065145
3,0.0,0.0,5.379300536659381
4,0.0,0.0,5.148126838957672
5,0.0,0.0,6.183561921029465
6,0.0,0.0,5.49344611767566
7,0.0,0.0,4.113677083203456
8,0.0,0.0,4.657322819309272
9,0.0,0.0,3.3397117532025185
10,0.0,0.0,5.506011902576502
11,0.0,0.0,5.6933437270525005
12,0.0,0.0,6.800656929804426
13,0.0,0.0,4.594541747327502
14,0.0,0.0,3.7506849717232944
15,0.0,0.0,4.21043311764087
16,0.0,0.0,5.844289817623878
17,0.0,0.0,6.420226777736276
18,0.0,0.0,4.858921493712584
19,0.0,0.0,6.225276054509946
20,0.0,0.0,5.025521713598592
21,0.0,0.0,3.840024229435978
22,0.0,0.0,5.405602919666535
23,0.0,0.0,6.776921575358886
24,0.0,0.0,6.883031730686275
25,0.0,0.0,5.27127593543978
26,0.0,0.0,4.319521343534428
27,0.0,0.0,4.500794184013451
28,0.0,0.0,6.286203262909963
29,0.0,0.0,3.950797225686485
30,0.0,0.0,6.618704148607069
31,0.0,0.0,6.184600517771803
32,0.0,0.0,3.8634827624452197
33,0.0,0.0,6.781569699157486
34,0.0,0.0,5.051156615049001
35,0.0,0.0,5.104937173206727
36,0.0,0.0,6.578923334780529
37,0.0,0.0,3.6943633999087253
38,0.0,0.0,3.812638717434635
39,0.0,0.0,3.071068354805142
40,0.0,0.0,3.9672348244032265
41,0.0,0.0,3.478664047712269
42,0.0,0.0,5.250574233319469
43,0.0,0.0,6.684478961005182
44,0.0,0.0,3.5978600206710727
45,0.0,0.0,3.0997806737738656
46,0.0,0.0,3.1073404770038597
47,0.0,0.0,5.749180069392818
48,0.0,0.0,6.6120599520840635
49,0.0,0.0,4.167143798550454
50,0.0,0.0,4.0097600331843735
51,0.0,0.0,3.0634826902305723
52,0.0,0.0,6.409820200533073
53,0.0,0.0,6.3307396077498534
54,0.0,0.0,3.0849372156402413
55,0.0,0.0,3.45627890172305
56,0.0,0.0,4.4568715578773395
57,0.0,0.0,3.513134111956092
58,0.0,0.0,6.26580628703381
59,0.2414194238085982,0.2414194238085982,3.992389286442888
60,0.24903725536398405,0.4904566791725823,5.3827950222249346
61,0.4183798384675712,0.9088365176401535,4.117920877599641
62,0.2244725156956162,1.1333090333357696,3.496352509891091
63,0.9684234345617261,2.1017324678974956,6.723801258082972
64,1.1331283541310526,3.234860822028548,3.5610826510308433
65,0.6438069699029945,3.8786677919315427,6.448212763800243
66,0.4739554351630382,4.352623227094581,3.8128533272937437
67,0.7739138243116677,5.126537051406249,3.16222004455748
68,0.3659945032527302,5.492531554658979,4.182566373175242
69,0.20009814202129247,5.692629696680271,6.665968091084469
70,0.14550090700896287,5.838130603689234,4.424411583756164
71,1.015197250468126,6.85332785415736,6.9636850636410745
72,0.14512860945169337,6.998456463609053,5.728284331729617
73,0.12689206969177907,7.125348533300833,5.667453349837011
74,0.6425049107589067,7.767853444059739,6.836637081935624
75,0.15599531916306877,7.923848763222808,6.3146757698964695
76,0.972730446124829,8.896579209347637,6.37332842776711
77,0.8053081821335422,9.70188739148118,6.921895264113716
78,0.8114530505707496,10.513340442051929,3.411263212723952
79,1.7685281862487197,12.281868628300648,4.767849031939297
80,0.14997418514780367,12.431842813448451,4.939947676305593
81,0.14345215396434843,12.5752949674128,4.635200223247627
82,0.1450955915377181,12.720390558950518,4.290439459382462
83,0.025411507951039494,12.745802066901557,5.218808671485747
84,0.7610147555027472,13.506816822404305,6.374950513451736
85,0.6470028411434919,14.153819663547797,5.689741027944463
86,0.7168214262692351,14.870641089817031,6.419431356004816
87,1.6896989813117194,16.56034007112875,5.755377483768575
88,0.21492890225725506,16.775268973386005,5.931518904377651
89,0.07243144732703202,16.847700420713036,5.7199291275099755
90,0.7948063728114568,17.642506793524493,5.577096739642437
91,0.068929363711789,17.71143615723628,3.510755522164552
92,1.9547568554693335,19.666193012705616,5.860575103570946
93,0.03964504510646191,19.705838057812077,4.934983322010414
94,0.49936803283015174,20.20520609064223,4.884550801861749
95,0.1591775743995926,20.36438366504182,4.646701079878079
96,0.029239484456825494,20.393623149498648,4.059176951835861
97,0.08333992384562916,20.476963073344276,6.7439209990880205
98,0.06351569056094485,20.54047876390522,3.0761529733506077
99,0.4196019800111607,20.960080743916382,4.943898209636794
100,0.12425546049002698,21.08433620440641,3.0007334603290206
101,0.6654273435072993,21.74976354791371,5.108686402570291
102,0.05213975673638124,21.80190330465009,4.235256395552959
103,0.9222955128669931,22.72419881751708,5.098212273082304
104,0.7620870304852249,23.486285848002307,6.430436859843368
105,1.3352866589299095,24.821572506932217,6.021123809966829
106,0.836423805476486,25.657996312408702,5.53996852664493
107,0.7962870002578224,26.454283312666526,3.469901063637669
108,0.363367962339917,26.817651275006444,3.1949631333870165
109,0.20884147063471958,27.026492745641164,4.334570322498463
110,0.5808024565036568,27.607295202144822,5.5198574099655
111,0.26365464420567114,27.870949846350495,4.077706596318324
112,0.13150124940582084,28.002451095756317,4.937706840368153
113,1.4208528975632384,29.423303993319557,6.358419030406493
114,0.09743954339682376,29.52074353671638,6.685279708373876
115,2.1492792743228746,31.670022811039257,3.3275813060304276
116,0.4298016388650122,32.09982444990427,6.491456473269254
117,0.9264782255727692,33.02630267547704,3.9989121221328916
118,0.5070599731840884,33.53336264866113,5.682307808464174
119,0.05641989067629356,33.58978253933743,3.421949540361372
120,0.44267529270412753,34.03245783204156,3.840767017472912
121,2.7443332180357793,36.776791050077335,5.1375119069625645
122,0.17770663827896294,36.9544976883563,5.670773085008147
123,0.1194256899493902,37.073923378305686,3.5987705309120472
124,0.24497013632475262,37.31889351463044,6.61717553268026
125,1.6270736911669972,38.94596720579744,6.10546723132456
126,0.5088081719718965,39.45477537776934,3.6090104248768213
127,0.7724890488435081,40.22726442661285,3.0970975583373814
128,0.047192674037417066,40.27445710065027,4.967761619701941
129,1.116169058639018,41.39062615928928,4.8747619580045
130,1.2288204346493243,42.619446593938605,3.3866612246635417
131,1.0993343278043968,43.718780921743004,3.915376738426053
132,0.4306693848259982,44.149450306569,3.908303577493288
133,0.5401725028884151,44.68962280945742,6.716527253372385
134,0.6847354080657597,45.37435821752318,6.04916617554494
135,0.6452769250076362,46.01963514253082,3.4072367912036703
136,0.19892829437131906,46.21856343690214,5.240394866470546
137,0.08210539695561744,46.300668833857756,3.743133869928604
138,0.017853571735323166,46.31852240559308,4.200251380541877
139,0.27054735846204553,46.589069764055125,3.5824778278307137
140,1.1659822125109385,47.755051976566065,3.9273197477897024
141,0.029111046104503806,47.78416302267057,4.935378534307969
142,0.28718495759997703,48.071347980270545,3.425147655008047
143,0.0357985885817486,48.10714656885229,3.8474995694929612
144,0.125110887204805,48.2322574560571,4.053164974836494
145,0.23891642387528075,48.47117387993238,5.256197731988057
146,0.8467316416425329,49.317905521574914,6.1012233468690855
147,0.7410932819697602,50.058998803544675,6.792434819883523
148,0.012285279969260357,50.07128408351394,6.966150645698223
149,0.26274310154135655,50.33402718505529,3.9035007972834292
150,0.29919853238802674,50.63322571744332,6.471721811115879
151,0.6924627761418921,51.32568849358521,6.732182622027159
152,0.3299045158618996,51.65559300944711,6.882482843622799
153,0.5274337191201813,52.18302672856729,6.941450066751273
154,0.0215217909991346,52.20454851956643,5.551780603662438
155,0.42765313433061797,52.63220165389705,6.553866849585496
156,0.8170278201123338,53.449229474009385,5.671941640800053
157,0.2551232402356464,53.70435271424503,4.299032358370035
158,0.31782535310896,54.02217806735399,5.784703803239725
159,0.21466680533954088,54.23684487269353,4.153225163359778
160,0.22529970999468096,54.46214458268821,4.3024483701144005
161,2.811586838787116,57.273731421475325,5.959366036189837
162,0.15210499339468678,57.42583641487001,5.781110728238134
163,0.12357591637008392,57.5494123312401,3.4640003648976756
164,0.1264859398508986,57.675898271091,3.228785301390622
165,1.4601781293546534,59.13607640044565,3.435521313419111
166,0.7451222641055242,59.88119866455118,6.94042747797364
167,1.5282090385109486,61.40940770306213,3.1452069702486027
168,2.1661770883067604,63.57558479136889,5.061291910450368
169,0.1732891795886067,63.7488739709575,3.7212183518627855
170,3.25697685864825,67.00585082960575,6.551807056003158
171,0.5708865974982078,67.57673742710395,6.2847737597049695
172,7.944117789757544,75.52085521686149,4.74761772531828
173,0.8796301445682935,76.40048536142979,3.24239382984679
174,8.258063250348513,84.6585486117783,3.254998959624719
175,7.509844637070449,92.16839324884874,4.1679147230768905
176,0.4516139927259335,92.62000724157468,3.4347480908985792
177,5.3831693691819105,98.0031766107566,5.119576539140915
178,4.461974592260197,102.46515120301679,4.608518712805804
179,6.814052508883445,109.27920371190024,5.1211353529993655
180,1.0629143325809973,110.34211804448124,4.694740170133471
181,14.229011325600293,124.57112937008154,3.0755040431849894
182,2.3749099692585256,126.94603933934006,3.6072339930994204
183,2.513405326161951,129.45944466550202,3.5015863639436797
184,0.16141866902157648,129.6208633345236,6.459819009359352
185,2.7740082134253807,132.39487154794898,6.202756982522394
186,9.975080436440795,142.3699519843898,4.752460715367203
187,16.087290176088352,158.45724216047813,5.542129302133118
188,8.88733450243697,167.3445766629151,6.404892915460957
189,0.3266121606158756,167.67118882353097,4.360644140825996
190,1.8661842989939252,169.53737312252488,4.697877625191101
191,1.6098675622081868,171.14724068473308,5.066495893535073
192,1.3153921957036419,172.46263288043673,4.203037626367064
193,7.411979377701108,179.87461225813783,3.4262254767008606
194,3.1797539034709428,183.05436616160878,4.561040404795595
195,7.501482188930133,190.55584835053892,6.575984633317019
196,2.2552420005858034,192.81109035112473,3.362588218226076
197,4.0066150040496105,196.81770535517435,5.635575361725152
198,3.8625865617329405,200.6802919169073,6.1895217470266655
199,3.643985552107829,204.32427746901513,6.300599161926323
200,3.7813627014073,208.10564017042242,5.817253753063333
201,5.4376579987988904,213.54329816922132,5.508222338790359
202,14.847431054867709,228.39072922408903,4.73041082392434
203,0.1519479184388744,228.5426771425279,6.50614195574966
204,0.6687396697758229,229.21141681230372,3.923479041365753
205,5.522862628905193,234.7342794412089,6.346546040970107
206,1.5897002879658075,236.3239797291747,4.389762541569442
207,1.1609604453115738,237.4849401744863,5.664522900661886
208,6.985215390294543,244.47015556478084,4.934236181026305
