1,2.296477424563024,2.296477424563024,5.738307529966894
2,1.4516809990261383,3.7481584235891625,5.927902117322638
3,7.059927970603635,10.808086394192797,14.680550793808424
4,0.1533073578535209,10.961393752046318,8.107032285574217
5,3.0361912243041367,13.997584976350455,8.52383837386333
6,2.0251632768791072,16.02274825322956,13.982055749852604
7,1.9481973135989115,17.970945566828473,12.44944694952989
8,3.8834550645741,21.854400631402573,13.615726500208709
9,2.7337012530931526,24.588101884495725,5.269223804671452
10,0.7991733970694574,25.38727528156518,11.375340097978723
11,5.517271810193645,30.904547091758825,6.72961814568224
12,0.9030171422873372,31.80756423404616,7.405167571685933
13,9.99165507424441,41.799219308290574,7.882407599577807
14,3.6155172305693024,45.41473653885988,12.448060795454658
15,0.09256447140771258,45.50730101026759,13.806114330658001
16,0.9623054797701338,46.46960649003773,7.5091300912920875
17,0.11404027140649019,46.583646761444214,8.190401430729029
18,1.1995930183900079,47.78323977983422,9.5675246481249
19,6.809547008661362,54.59278678849558,7.24014983772453
20,4.788998953757895,59.38178574225348,13.651265340845672
21,0.9105421349500552,60.29232787720353,9.7382063794692
22,0.051541182120007516,60.34386905932354,9.410649884714527
23,3.096184620270772,63.44005367959431,5.435212031631158
24,0.501064543991494,63.9411182235858,5.1806465032893465
25,0.02954420420968314,63.97066242779549,13.436886139562189
26,2.7540070068453097,66.7246694346408,12.135336364084248
27,0.39579230398544096,67.12046173862625,7.960658540686433
28,1.1777756747645745,68.29823741339082,7.942449753555923
29,0.6737328178059386,68.97197023119676,6.173193951451493
30,1.736070580787134,70.70804081198389,6.588706375257529
31,2.5717349782182715,73.27977579020217,14.497875291469326
32,0.05244817072435714,73.33222396092653,14.599224418008221
33,0.9282404198005687,74.2604643807271,9.43038765124157
34,0.999001240850071,75.25946562157718,6.541854700155531
35,0.06656320453131295,75.32602882610848,8.956068896971985
36,0.4512448124133604,75.77727363852185,10.540065639845828
37,1.5898503119934004,77.36712395051525,14.172407835616985
38,0.7234392826078504,78.0905632331231,6.086413967070659
39,1.1522441006596467,79.24280733378275,6.109835567086778
40,1.092279835551869,80.33508716933461,9.187153936816541
41,1.8125417744359509,82.14762894377057,9.228286228201657
42,0.2248473074088175,82.37247625117939,5.969106863592149
43,3.488715598536836,85.86119184971623,7.022831778304369
44,0.2606190186300755,86.12181086834632,14.573144341712483
45,0.9752106987756393,87.09702156712196,9.464052882732746
46,0.12520347075490387,87.22222503787685,12.61358133471695
47,0.7603170546597854,87.98254209253663,14.93142944869167
48,0.18380501795896867,88.16634711049561,9.483549959964574
49,0.8743383638362937,89.0406854743319,12.965282239580981
50,0.13871803712941408,89.1794035114613,9.692392685252337
51,0.6184665912841734,89.79787010274548,10.929051221115104
52,0.5564176877714745,90.35428779051695,12.039707734953867
53,0.06815974275263295,90.42244753326958,5.386743981375917
54,0.23124485606027256,90.65369238932985,13.504076033646514
55,0.12515242863533851,90.77884481796518,14.255930018120084
56,0.47427754219485757,91.25312236016003,7.742577026663174
57,0.19714704188951013,91.45026940204954,7.622113020420852
58,1.6502674983627237,93.10053690041227,8.143538796159996
59,0.09755406086363018,93.1980909612759,12.470093510630806
60,0.5643657570292863,93.76245671830519,6.64544176173703
61,1.4552976086909302,95.21775432699611,13.303725512866952
62,0.8887004980552693,96.10645482505139,13.782696736094085
63,0.9348626192383088,97.04131744428969,7.362059274404152
64,0.13034543850929045,97.17166288279898,8.633209511818166
65,1.052845250518216,98.2245081333172,9.884299604428334
66,0.906907387216697,99.13141552053389,12.760920078245674
67,1.1974691837555675,100.32888470428946,9.382563494094013
68,0.7720492087844598,101.10093391307393,11.336017830534786
69,0.580298356083708,101.68123226915763,9.341989041315784
70,0.10662538017397981,101.78785764933161,10.377723337550758
71,0.6659386463091324,102.45379629564074,5.336448814811183
72,1.430996005845775,103.88479230148651,7.847021812436715
73,1.6783909228307345,105.56318322431724,7.938460429741058
74,0.26883044250943594,105.83201366682668,8.97996468906549
75,0.35082677409598717,106.18284044092267,11.31329098072741
76,2.1961985331823897,108.37903897410507,12.206578528897644
77,1.9274311131823996,110.30647008728747,12.590681324617371
78,2.976019261875609,113.28248934916307,13.784912080767091
79,0.1748229906242317,113.45731233978731,12.43390434092598
80,1.9356109135894357,115.39292325337675,13.445341929223378
81,0.7430056047718672,116.13592885814862,12.27259170208815
82,0.6611586264386606,116.79708748458728,5.378397771146223
83,0.08502327882806063,116.88211076341534,13.474097648169437
84,0.3253174244819674,117.2074281878973,11.306106658474686
85,0.927890661945242,118.13531884984255,9.680132147379261
86,2.1752163927828936,120.31053524262545,7.301342426972046
87,1.0356719710992603,121.34620721372471,7.133032676844858
88,2.8608040325322,124.20701124625691,12.858571952880967
89,0.06826701037712538,124.27527825663404,10.426536799540571
90,0.47248355259793673,124.74776180923197,13.883209885931063
91,0.531156151763402,125.27891796099537,10.059140152917031
92,0.11807949153180146,125.39699745252717,5.567045468976614
93,0.8970082659944141,126.29400571852159,12.375411008301073
94,0.28311661215953116,126.57712233068112,10.263887226515756
95,1.5088348459589118,128.08595717664002,9.430626397132563
96,0.9618990972610654,129.0478562739011,11.575775780287165
97,1.9015243809536744,130.94938065485476,8.789532158104173
98,0.290692620901298,131.24007327575606,10.096228773119526
99,2.363069403869503,133.60314267962556,11.56219192624499
100,3.9300413251589497,137.53318400478452,13.207366234754979
101,0.25052946608384086,137.78371347086835,6.921941918155939
102,0.09074841965124325,137.8744618905196,7.79611804490012
103,0.14075629514701746,138.0152181856666,7.476271986923338
104,0.025286746178767437,138.0405049318454,12.298797104260348
105,1.8013572784976555,139.84186221034304,8.519156881104227
106,0.24490285480540966,140.08676506514846,7.225200804363235
107,0.5399112167988448,140.6266762819473,12.819152801460563
108,0.27262342952210944,140.8992997114694,9.392256016354015
109,0.42443296505430783,141.32373267652372,11.752135466059446
110,1.7784083128737105,143.10214098939744,12.826392889186254
111,0.5533007263041513,143.65544171570158,6.6503076802769545
112,0.07936966488148686,143.73481138058307,10.026677204227624
113,0.5355207905276554,144.2703321711107,8.1201013470302
114,3.3583614902169403,147.62869366132765,6.271561262833658
115,1.7647082023268965,149.39340186365453,13.710589246835447
116,0.8390983785807162,150.23250024223526,13.589991685000765
117,2.1028660072908436,152.33536624952612,11.676849194510485
118,0.0886855178875721,152.4240517674137,13.44359564490774
119,0.9428967378241018,153.3669485052378,8.939343042638635
120,1.5547226862741883,154.92167119151196,13.544932621715898
121,0.07207735146440723,154.99374854297636,14.487500644848275
122,3.5400532542049348,158.5338017971813,14.266470158126316
123,0.10831157934320879,158.64211337652452,8.994574532261852
124,1.8166878965635604,160.45880127308808,5.240400457053829
125,0.13529141072466663,160.59409268381276,14.808396642182021
126,0.11435717255798973,160.70844985637075,6.681493605370836
127,0.05069935200617616,160.75914920837693,10.236242583699156
128,0.787357381505038,161.54650658988197,9.168002886596733
129,0.016591533048576468,161.56309812293054,5.703284607681404
130,0.14188581812337778,161.7049839410539,9.551051236107204
131,0.14890148446633175,161.85388542552025,7.548179095148489
132,1.352657016656381,163.20654244217664,12.09465196566576
133,0.47675497750687373,163.68329741968353,13.547140898755236
134,0.4192038022298915,164.10250122191343,5.391683189486381
135,0.9352562450006786,165.03775746691412,9.648383648323284
136,0.8391585539969747,165.8769160209111,6.143717666418386
137,1.004193160628516,166.8811091815396,11.05643848622756
138,0.1172522289964793,166.9983614105361,6.104328947909835
139,0.8218882268262263,167.8202496373623,11.601088017547191
140,0.08647098459077862,167.9067206219531,5.160937308141288
141,0.5684194265701891,168.4751400485233,7.862524042795576
142,0.02193953008042881,168.49707957860372,11.293807166127145
143,1.015061253404376,169.5121408320081,14.308607244776288
144,3.0338361444989186,172.545976976507,11.38708035077897
145,1.1565359185625275,173.70251289506953,10.052092004213579
146,0.5791607495008179,174.28167364457036,13.989110386251895
147,1.234357425703606,175.51603107027395,9.448987779886878
148,0.24142419791403158,175.75745526818798,14.554545746366847
149,0.2850436783036689,176.04249894649166,12.452736456902635
150,2.0359211914602713,178.07842013795192,11.529565551213265
151,0.1287323359906961,178.2071524739426,12.961654253690169
152,4.783807462229922,182.99095993617254,10.985544134399984
153,0.18641296171357927,183.17737289788613,10.420317177833116
154,36.884648817423006,220.06202171530913,7.737825421619005
155,4.249702242609375,224.3117239579185,13.625564016050213
156,0.32427340837218244,224.6359973662907,11.034307977735427
157,0.010912513587753067,224.64690987987845,7.792719304405441
158,6.198901340621443,230.84581122049988,9.8454515039116
159,4.843637019583059,235.68944824008295,9.175081324458604
160,1.1343310146030903,236.82377925468603,11.675339964243918
161,0.19371370781549244,237.01749296250154,10.342274125082064
162,0.5367805854667843,237.5542735479683,13.690518607730834
163,19.520205498066044,257.07447904603436,14.914810401311597
