1,0.0,0.0,4.501898323525751
2,0.0,0.0,4.945316827993565
3,0.0,0.0,5.347490190158737
4,0.0,0.0,4.481066184146746
5,0.0,0.0,5.4396315200762935
6,0.0,0.0,3.152406661848615
7,0.0,0.0,4.3662717873021695
8,0.0,0.0,4.153136999568186
9,0.0,0.0,5.7665348210496985
10,0.0,0.0,4.310707382170282
11,0.0,0.0,6.290748917672968
12,0.0,0.0,6.469920000390578
13,0.0,0.0,5.522607225564947
14,0.0,0.0,3.548371796483562
15,0.0,0.0,3.0472249894461862
16,0.0,0.0,5.053628969025012
17,0.0,0.0,5.570201964816145
18,0.0,0.0,5.310146828083298
19,0.0,0.0,3.1173176925787383
20,0.0,0.0,5.179275413330936
21,0.0,0.0,4.790200609726261
22,0.0,0.0,6.055247280189328
23,1.9086959929957947,1.9086959929957947,4.718093325526375
24,0.05362379652045831,1.962319789516253,6.346735986822031
25,0.056370421041476444,2.0186902105577293,5.015206226733886
26,0.03558620884458762,2.054276419402317,6.021414272384565
27,1.1824045532790306,3.2366809726813477,5.421482046392347
28,0.10569291453240098,3.3423738872137485,4.3095091583331095
29,1.4214226611786005,4.7637965483923495,3.258018024838757
30,1.0416834968745259,5.805480045266876,3.8238444133493577
31,0.19269826167300727,5.998178306939883,4.147123746572827
32,0.14730746995582084,6.145485776895703,6.880085159436616
33,0.5089361891601951,6.6544219660558985,4.229028437150513
34,0.04218763256593431,6.696609598621833,3.1342641107922167
35,1.309029588691474,8.005639187313307,4.8716642155805125
36,0.05577032628031339,8.06140951359362,5.720637389207631
37,0.18751659149062178,8.248926105084243,6.698953971508412
38,0.961320973310631,9.210247078394874,5.835739846630414
39,0.32406607461345,9.534313153008323,6.394862916186167
40,0.22079792064168377,9.755111073650006,5.799359057342693
41,0.10401939311668491,9.859130466766691,5.791011024309385
42,0.5560618068732931,10.415192273639985,6.1695774270982495
43,0.04864046345536402,10.463832737095348,4.677375920300529
44,0.2017127229802626,10.665545460075611,5.0670324662152115
45,0.5277578427243294,11.19330330279994,6.877186859460187
46,1.283224091320861,12.4765273941208,6.402271389200042
47,0.537811861538259,13.01433925565906,4.383018416586384
48,0.5759704899505741,13.590309745609634,5.56372110538943
49,0.26229341546035945,13.852603161069993,6.156525420856404
50,1.09065878773159,14.943261948801583,4.1021353802717435
51,0.004599422605570095,14.947861371407154,4.306736867307471
52,0.14223452511525014,15.090095896522403,3.6252451997588166
53,0.051933448897781995,15.142029345420184,4.926594526709705
54,1.1076602074984163,16.2496895529186,3.4727641823933113
55,0.35574330671118826,16.605432859629786,6.573001709610514
56,0.25516057018468075,16.860593429814468,5.163134173952805
57,1.7890577522093165,18.649651182023785,4.381052845172473
58,1.3803664759768344,20.03001765800062,6.772320242676469
59,0.06503265552116247,20.09505031352178,3.279762600358984
60,0.0521234289434138,20.147173742465196,6.713909655887406
61,1.0343691361362326,21.181542878601427,5.624727665327514
62,1.0052911819736488,22.186834060575077,5.192264508657351
63,0.024504721145774528,22.21133878172085,6.406362593124779
64,0.7881507764210534,22.999489558141903,3.0100926827531174
65,0.06773512110350596,23.06722467924541,5.680924428498564
66,0.962314307378928,24.02953898662434,4.866605728985987
67,0.34444558883390114,24.37398457545824,5.520885692163261
68,0.4672377703486865,24.841222345806926,6.85351597822128
69,0.38772843518420896,25.228950780991134,4.521842266855121
70,0.9103438683367349,26.13929464932787,6.108535134470031
71,0.33723581864412944,26.476530467971997,5.399652314632437
72,0.11554154338300981,26.592072011355008,4.627365508432204
73,0.015362922864186074,26.607434934219192,3.6974854236632124
74,0.1803524378141465,26.78778737203334,4.057756286844263
75,0.6464255559851239,27.434212928018464,5.327934347594573
76,0.42996896622965125,27.864181894248116,6.509556739460178
77,0.27907226211420805,28.143254156362325,3.377416360301698
78,0.2734710394850068,28.41672519584733,5.159099340813661
79,0.027256447641380962,28.443981643488712,5.865648048256833
80,0.4424244835422384,28.886406127030952,6.998605468583908
81,0.7645732489477938,29.650979375978746,4.681329716143446
82,0.49476707177214013,30.145746447750888,5.884054365439482
83,0.41126063471616714,30.557007082467056,6.9506461656713565
84,0.2827323283298789,30.839739410796934,6.117345588770053
85,0.18406966961073926,31.023809080407673,6.656299265484217
86,0.014077583537845632,31.037886663945518,5.200237431251685
87,0.255590521487041,31.293477185432558,5.940444921270471
88,0.5461993317973991,31.839676517229957,6.254294654666742
89,0.18681818477562795,32.026494702005586,3.8706282716162175
90,0.37518145130948316,32.401676153315066,6.478117623155519
91,0.15424236911599534,32.555918522431064,3.2415316853225877
92,0.6391067909846961,33.19502531341576,4.758483455342127
93,0.06414569703114573,33.259171010446906,4.51559975341195
94,0.0974468092001279,33.356617819647035,3.4631760012590664
95,0.390174162208774,33.74679198185581,4.414410256341959
96,0.0037271696975799268,33.750519151553384,6.76993639197217
97,0.4565956143379171,34.2071147658913,5.615223910296077
98,1.0708107426995799,35.277925508590876,6.787068617741873
99,0.8999330269017264,36.177858535492604,5.222530066790961
100,1.0993944510015696,37.277252986494176,3.466478619152894
101,0.1179617497241581,37.395214736218335,6.451647772975525
102,0.32706778757459887,37.722282523792934,3.383534012231772
103,2.187941511934072,39.910224035727005,5.161986422663995
104,0.9083082692338195,40.818532304960826,3.962915704385234
105,0.3316709844691659,41.15020328942999,6.181150443127704
106,0.14258740359691802,41.29279069302691,6.305544897701232
107,0.19317395913521238,41.485964652162124,5.635297633533383
108,0.5617267203023072,42.047691372464435,4.182984685918015
109,0.09171297004775751,42.139404342512194,6.997719300560636
110,0.09066805013445761,42.230072392646655,5.728950877250474
111,0.009464135208164312,42.23953652785482,4.39168933806107
112,0.06035695609891186,42.29989348395373,3.04821284934796
113,1.29808754159193,43.597981025545664,4.109841111164968
114,1.370698843340791,44.968679868886454,5.899322947656755
115,0.5760698661810715,45.544749735067526,4.98150894194171
116,0.36437614103911165,45.909125876106636,6.418537063654027
117,0.3422209573440254,46.25134683345066,5.981671492245036
118,0.3874896686138457,46.63883650206451,3.129781785914225
119,0.7660418803325993,47.40487838239711,6.075660118579263
120,2.5604972983438716,49.965375680740976,3.8126721040171385
121,0.1036512497209414,50.069026930461916,3.21669425643687
122,0.3343473601265597,50.403374290588474,3.1232877023686783
123,0.26399473007730967,50.66736902066578,5.370701786500969
124,2.810760456461804,53.47812947712759,4.766076270129002
125,0.05109965830499949,53.52922913543259,6.899235220461616
126,0.8361674215276073,54.36539655696019,3.1337048019016254
127,0.3178875946899503,54.68328415165014,5.198453660486646
128,1.4662037002979316,56.149487851948074,5.306768471810163
129,0.21741105895627225,56.36689891090435,6.986223230253374
130,1.063159638796256,57.430058549700604,3.812921974989941
131,0.676096520065144,58.10615506976575,5.730031057683003
132,0.5060384196115718,58.61219348937732,6.964763253611006
133,0.2589652174737441,58.87115870685106,6.949225326091474
134,0.5692058318133117,59.440364538664376,5.25960771977095
135,0.1862166757468274,59.6265812144112,6.118868747794046
136,1.0784054956857632,60.70498671009697,4.018332716783934
137,12.810591139596223,73.51557784969319,4.377697208764008
138,4.2789670369741275,77.79454488666731,3.663036392978768
139,4.183476817642211,81.97802170430953,4.841806148492738
140,1.8204371768800036,83.79845888118953,4.066658897549081
141,9.630206180505466,93.428665061695,3.92615992084207
142,2.6221234958275055,96.05078855752251,5.844302709880225
143,2.9763519770911664,99.02714053461368,5.029085511285016
144,0.10302656707452432,99.1301671016882,6.734675173005241
145,13.80754583680865,112.93771293849684,4.034738495398503
146,1.4274387797614727,114.36515171825832,5.474073913464405
147,0.8692787665952583,115.23443048485358,5.041519008172115
148,1.2782400399129223,116.51267052476649,6.0686205357235945
149,0.39851456505846694,116.91118508982495,5.7501604381823
150,3.1081351747620856,120.01932026458704,5.095925639383651
151,1.348592350017777,121.36791261460482,5.007567729955198
152,6.526023863911882,127.89393647851671,6.562056511249747
153,7.459518846144752,135.35345532466147,5.640728915098166
154,8.065453432597511,143.41890875725898,6.964988214809694
155,9.481143705616258,152.90005246287524,3.6239902348413
156,4.999766725533838,157.89981918840908,6.852529506892987
157,4.30359140433159,162.20341059274068,3.3537098106536503
158,9.800897491772139,172.00430808451281,5.688477138110413
159,2.1317527988940705,174.13606088340688,6.455843516033154
160,1.7712595955625932,175.90732047896947,3.387921154595872
161,2.762367146098038,178.6696876250675,5.237229452753727
162,15.315833770166098,193.9855213952336,6.267147373064294
163,1.4863792143911008,195.4719006096247,3.5110496417428982
164,7.010745587133298,202.482646196758,4.908333208297886
165,4.955640445187783,207.43828664194578,4.978566616774076
166,3.412457885743092,210.85074452768887,3.8074109149076594
167,9.416429382708131,220.267173910397,3.3110401083986023
168,15.871553692319027,236.13872760271602,5.727741774240519
169,2.4709814890963697,238.6097090918124,3.2138307358882896
170,1.412885449631214,240.0225945414436,6.058917806516518
