1,0.0,0.0,6.246572477887982
2,0.0,0.0,3.5325871753271962
3,0.0,0.0,6.973583923234894
4,0.0,0.0,3.2049502572481234
5,0.0,0.0,5.2427032543725085
6,0.0,0.0,4.28180373225125
7,0.0,0.0,4.927218516927308
8,0.0,0.0,3.0993585221918143
9,0.0,0.0,3.8660986490294245
10,0.0,0.0,6.550795990059887
11,0.0,0.0,6.244089692592164
12,0.0,0.0,5.1387053368090845
13,0.0,0.0,4.088223138295265
14,0.0,0.0,4.225127708988241
15,0.0,0.0,3.471231598143126
16,0.0,0.0,6.380637747260784
17,0.0,0.0,6.414764828964022
18,0.0,0.0,3.2983587199709157
19,0.0,0.0,4.577987230975182
20,0.0,0.0,4.880328394137127
21,0.0,0.0,4.94732999620739
22,0.0,0.0,4.289176093828486
23,0.0,0.0,3.6925912788003292
24,0.0,0.0,4.829940872727347
25,0.11290612583802881,0.11290612583802881,4.72913405808155
26,0.0491100621751542,0.16201618801318302,6.066225077525877
27,0.7529900771572449,0.9150062651704278,6.099855453064167
28,0.3529711255186405,1.2679773906890683,6.459022288270661
29,1.7297495415620028,2.997726932251071,5.403129122891722
30,0.3166782150439416,3.314405147295013,4.366460173998339
31,0.6810297917825019,3.995434939077515,4.181415962298391
32,0.2034843446069862,4.198919283684501,4.405269183956587
33,0.13593040114607582,4.334849684830576,5.047674590686708
34,0.09290210514722971,4.4277517899778065,3.020109970941165
35,0.12731355966050337,4.55506534963831,4.661017308270669
36,0.0945690125984099,4.64963436223672,6.189466108563634
37,0.20337300525804922,4.85300736749477,4.199137887305122
38,0.3669364338390527,5.219943801333822,3.2908338859898723
39,0.033106808188961966,5.253050609522784,6.786153797716588
40,0.07319661798225285,5.326247227505037,3.992793493881966
41,0.3628751112387335,5.689122338743771,6.880452178562911
42,0.2109613169015352,5.9000836556453065,4.612951634567947
43,0.4314665750508203,6.331550230696127,5.255910786406463
44,0.45819337077531164,6.7897436014714385,6.2550077109440085
45,0.35134106059719605,7.141084662068635,4.675016425625705
46,0.525073458851314,7.666158120919949,5.532958584635263
47,0.11187547334830156,7.77803359426825,3.7119813430080657
48,1.2211719399399932,8.999205534208244,5.965773709071993
49,0.15306305018732913,9.152268584395573,4.462037547879543
50,0.2183090602644067,9.37057764465998,5.819095572338532
51,0.4728723131550305,9.84344995781501,6.435244173039907
52,0.6534986005156689,10.496948558330677,5.470299358917481
53,0.18613084343627412,10.683079401766951,6.96724736337358
54,0.11273378862387223,10.795813190390824,4.938658105750736
55,0.2940720161788614,11.089885206569685,4.3468052238425585
56,0.26191284225518124,11.351798048824866,3.2535911636162282
57,0.3593563374929576,11.711154386317824,5.836636690665415
58,0.18235402075734314,11.893508407075167,4.933255505247369
59,0.03747218800685632,11.930980595082023,6.2406290090396475
60,0.44634517503341126,12.377325770115434,6.8131511466527
61,0.7001513707123768,13.07747714082781,6.321037023085035
62,0.45198791199339866,13.529465052821209,6.3218548782297255
63,0.11476138795353107,13.64422644077474,6.58036938171956
64,0.31750004457621506,13.961726485350955,4.141475300567796
65,0.15159334701756988,14.113319832368525,3.953930296153607
66,0.1642805637186661,14.277600396087191,3.607892856032314
67,0.11652737048161946,14.394127766568811,5.692923440011989
68,0.25556821872205304,14.649695985290863,3.229560332461293
69,1.2712060672077679,15.920902052498631,4.621635184509122
70,0.7680618771823846,16.688963929681016,5.2889803316391575
71,0.20287675376178824,16.891840683442805,4.489367536884188
72,0.25513510949643353,17.146975792939237,4.3930424188813575
73,1.6303568987756962,18.777332691714932,6.618947456041674
74,1.564165034021197,20.34149772573613,4.395982672929019
75,0.8748682212376628,21.21636594697379,5.547279934187996
76,0.019215265127162373,21.235581212100954,3.866152697828525
77,0.3184868035341983,21.554068015635153,4.496446878220054
78,0.0904316657706178,21.64449968140577,5.631704548632046
79,0.11780019898696145,21.76229988039273,3.9692758342958703
80,0.022529199985112526,21.784829080377843,6.352201467728074
81,0.3828799433904087,22.167709023768253,3.1703221674038917
82,1.1730020833789734,23.34071110714723,3.638450614796111
83,0.361727855726586,23.702438962873813,4.969420968261125
84,0.41212704922061705,24.114566012094432,3.717258719186363
85,0.03116877886934352,24.145734790963775,4.918932380156015
86,0.31073626701693663,24.45647105798071,4.599642962253304
87,0.8191734174403317,25.275644475421043,6.236188861788255
88,0.4335878974746212,25.709232372895663,3.517961566678247
89,1.1560757871609435,26.865308160056607,5.143625157753798
90,0.7640083660744998,27.629316526131106,6.884897977848083
91,0.9615504633987467,28.590866989529854,4.7527313410548135
92,0.37348351600871643,28.96435050553857,6.654766983028985
93,1.15686726502498,30.12121777056355,6.524973222374923
94,0.2916898514441582,30.412907622007708,6.217836743580396
95,0.8376607902646287,31.250568412272337,6.4729316061181805
96,0.0643327218622323,31.31490113413457,5.3153892956561855
97,0.596775349254809,31.91167648338938,5.151762969964286
98,0.8700679183270492,32.78174440171643,5.958739420060593
99,1.465576096313506,34.247320498029936,3.91205786967781
100,1.0945777299089543,35.34189822793889,4.633571158867537
101,1.0156770389947822,36.35757526693367,5.65657521628845
102,0.07786802716178544,36.43544329409546,6.952683422498625
103,0.12314256902469149,36.55858586312015,4.114060270620557
104,0.1508377583279601,36.70942362144811,3.7564438752933538
105,0.1763508467140207,36.88577446816213,3.6170851909471677
106,0.09629601817743055,36.982070486339566,3.7990314510783656
107,0.28972028563282526,37.27179077197239,6.680194258496859
108,0.05178728261149271,37.323578054583884,3.8544353469224517
109,0.5747544291210407,37.89833248370493,4.302900295161788
110,0.11397670041624938,38.01230918412118,4.932691291921749
111,0.9617536026942344,38.974062786815416,5.92856951170052
112,1.5009067741915194,40.47496956100694,5.546905408120294
113,0.011414777456517955,40.48638433846345,6.527268803776053
114,0.0710702793006883,40.557454617764144,5.049710629501574
115,0.4986380637417033,41.056092681505845,6.195341168294416
116,0.02022922158881208,41.07632190309466,6.9160036435474606
117,0.5753812505328282,41.65170315362749,5.038459980389446
118,0.020472539569748656,41.67217569319723,3.824378260267787
119,0.17302127816547458,41.845196971362704,4.763010692681443
120,0.1852983260004644,42.03049529736317,5.205383021584947
121,0.2967940009698973,42.32728929833306,3.1394556758210452
122,0.4781006433762588,42.80538994170932,6.674368181895003
123,0.023437596388428558,42.82882753809775,3.6252390650119506
124,0.7239874967623112,43.55281503486006,5.784229612785398
125,0.2485542773491875,43.801369312209246,3.138410867143165
126,0.023751611276875466,43.825120923486125,5.592882435600069
127,0.1587724163311129,43.983893339817236,6.97673603429854
128,0.38496379588203133,44.368857135699265,4.210713551055216
129,0.07185025960136744,44.440707395300635,6.182336649494839
130,0.10473012879220238,44.54543752409284,4.90254626624124
131,0.3268400913795975,44.872277615472434,5.7032818545478925
132,0.1466036347327619,45.0188812502052,3.3445762663997014
133,0.3811287924982835,45.40001004270348,3.3282293464387007
134,0.2551971962213967,45.65520723892487,3.8965431533189685
135,0.5927830755602067,46.24799031448508,6.55790685072584
136,0.18506994853381872,46.433060263018895,4.383062286986576
137,0.24829946713025974,46.681359730149154,5.855231959642327
138,0.19509926921518944,46.876458999364345,4.649568990355634
139,1.574653975575387,48.45111297493973,6.035053682525906
140,0.4476761328140165,48.89878910775375,3.716565780285828
141,0.16852891682258267,49.06731802457633,5.865016414664037
142,0.40746352480867104,49.474781549385,3.8786795966097385
143,0.058445649269587195,49.533227198654586,5.395017768600711
144,0.1071141052419902,49.64034130389658,3.260895659185282
145,0.6075742160508497,50.247915519947426,6.955672465096894
146,0.0410648765980663,50.28898039654549,5.387538905151332
147,2.1245159223966184,52.41349631894211,5.424857205928257
148,0.4522903795928325,52.86578669853494,5.779464566420472
149,0.32352757135422866,53.18931426988917,4.34705615050197
150,0.522555795792804,53.71187006568197,4.45839057977569
151,1.8694121663968983,55.58128223207887,6.455234008353194
152,1.8266557766285152,57.40793800870738,5.224596325612035
153,0.8772481812636733,58.28518618997106,3.5818951789838214
154,0.04519698110016005,58.33038317107122,3.569859525980371
155,1.4757812925286422,59.80616446359986,3.5519341277820886
156,0.05940561381712815,59.86557007741699,5.137395456435092
157,0.39641570807980764,60.2619857854968,5.885530695882
158,1.4724253844739486,61.73441116997075,3.0758155575388897
159,0.6146419313250633,62.34905310129581,3.8168851841426354
160,15.40170308889552,77.75075619019132,6.580199531369118
161,3.338750282798417,81.08950647298974,4.972942702612025
162,11.525334835443768,92.61484130843351,3.154008167046006
163,2.2744708722023237,94.88931218063584,6.959946189965973
164,3.9263845716627372,98.81569675229858,3.7668545833807854
165,8.796671184796459,107.61236793709503,3.437319648951591
166,0.8308858540411836,108.44325379113621,6.684626594893338
167,4.83760599450427,113.28085978564049,4.078988466186015
168,1.126760131015898,114.40761991665639,3.4307349399358724
169,0.8241525868783626,115.23177250353476,6.984783762357402
170,3.7700964336526637,119.00186893718742,3.9946185740373426
171,6.9112558704247276,125.91312480761215,6.76439928126633
172,2.153569017164854,128.066693824777,6.469529007183694
173,4.323593336491526,132.3902871612685,6.799176354665196
174,21.616450107978032,154.00673726924654,3.182377592045996
175,5.098462248486747,159.1051995177333,3.803976067691457
176,1.3094947793596483,160.41469429709295,6.175835821295439
177,0.6292162372858416,161.0439105343788,4.4110996179078406
178,1.0734296629163516,162.11734019729514,3.157367619933891
179,6.205374053064504,168.32271425035964,5.5625807991178515
180,2.640652144410062,170.9633663947697,3.180656309033762
181,1.2779661092483359,172.24133250401803,6.852989545311898
182,10.20118285835893,182.44251536237695,6.031450888247527
183,2.476065908223764,184.91858127060073,4.075188174249577
184,3.140639042663773,188.0592203132645,6.628853742114307
185,1.5889700054988323,189.6481903187633,5.470781068313064
186,9.491028976508836,199.13921929527214,3.5760239163115393
187,4.525584379792761,203.6648036750649,6.018247038855728
188,4.32781078187093,207.99261445693583,4.411435578412536
189,5.593924203979893,213.58653866091572,6.119299236821654
190,8.09689204014304,221.68343070105877,3.750884726691886
191,0.2932703805350022,221.97670108159377,3.978137073854035
192,23.43944377953352,245.4161448611273,3.600422731390724
