1,0.2791844842587117,0.2791844842587117,5.791662454389312
2,0.3977395431558722,0.6769240274145838,5.207678543532638
3,3.891220760518607,4.568144787933191,5.456970803482882
4,1.1879726361364158,5.756117424069607,11.619173697679845
5,10.986444690457196,16.7425621145268,14.140972112488086
6,8.289926978464008,25.032489092990808,12.156359164193992
7,0.22614824253532884,25.258637335526135,5.371463733532503
8,5.223770252980443,30.48240758850658,8.468540665707886
9,5.951882575589778,36.43429016409635,10.357241162285971
10,8.548152626244214,44.98244279034057,12.988176555174292
11,5.820061957794182,50.80250474813475,8.682012967467006
12,2.1943645224287818,52.996869270563536,6.661608415056548
13,11.589816780762288,64.58668605132583,11.660899789740586
14,2.4928519166960617,67.0795379680219,7.82856497095
15,1.6859964338524909,68.76553440187439,7.02558792911142
16,0.6144562507433364,69.37999065261772,6.271647248624486
17,1.1315822950914594,70.51157294770918,6.238657919927906
18,1.715085423345171,72.22665837105436,14.055095539157033
19,0.5494343292913976,72.77609270034576,10.621804274950236
20,0.9917863719146212,73.76787907226037,7.833370184492737
21,1.5974918845868962,75.36537095684727,12.991120851601648
22,1.294206626189879,76.65957758303715,12.163667291186963
23,0.9161418375926229,77.57571942062977,12.319601958452836
24,0.2169330522214538,77.79265247285122,10.558696264350427
25,0.9445601506264909,78.7372126234777,10.139633317879584
26,1.2886919734840214,80.02590459696172,14.975414069720692
27,0.5643398566531307,80.59024445361486,10.02762437202226
28,0.24395763940143197,80.83420209301629,14.874318877615769
29,0.28006750332501407,81.1142695963413,11.439614098985059
30,0.04613019727794581,81.16039979361925,7.181203302461661
31,0.22956529845000856,81.38996509206926,14.53387915138191
32,1.4236942287194312,82.81365932078869,6.178245172022976
33,0.45242202415691857,83.2660813449456,13.276263099776749
34,2.5723700882796363,85.83845143322525,11.449848753710057
35,0.6921501349269741,86.53060156815222,13.005310305822384
36,2.9704158588176184,89.50101742696984,5.913889452556569
37,0.5359544431628295,90.03697187013267,10.43870619950153
38,0.3255700029409322,90.36254187307361,5.275591179736894
39,0.16237592136825946,90.52491779444188,10.823764113766103
40,0.022624873793012663,90.54754266823488,12.440229575345771
41,0.5957565552176285,91.14329922345252,11.734126920875127
42,1.7163676082334829,92.859666831686,11.77351413081476
43,1.9758144885274431,94.83548132021345,10.277575682444347
44,1.315315248336606,96.15079656855005,13.624660039094033
45,0.08935342503150932,96.24014999358155,5.790972489546822
46,0.5014883264168157,96.74163831999837,8.87641981660935
47,3.856161055572695,100.59779937557107,6.0220145322755005
48,1.462274623966033,102.06007399953711,5.7841677762197445
49,0.23499291641047398,102.29506691594759,13.46555911035921
50,1.7917956424205799,104.08686255836817,10.319902999586208
51,1.5510586264211466,105.63792118478932,14.173765422802557
52,0.7055929036571121,106.34351408844643,10.08745514701451
53,0.39745706633309463,106.74097115477952,14.479390435820763
54,1.1046979625151099,107.84566911729462,11.949418041642495
55,1.3034598287021695,109.1491289459968,7.523778859777357
56,0.2861105167375386,109.43523946273433,14.53890631034379
57,1.1494662184934046,110.58470568122773,9.373522963153828
58,2.487561236401957,113.07226691762969,12.59822788071567
59,0.5876738208925871,113.65994073852228,5.683231858793775
60,1.0237488172423135,114.68368955576459,8.2027881677242
61,0.4978815160312275,115.18157107179582,13.091752224746342
62,1.2906217378171478,116.47219280961296,13.370435027432329
63,0.31813396625537915,116.79032677586834,13.902378934272374
64,0.262147107543892,117.05247388341223,8.33066971533924
65,0.6934044489330609,117.7458783323453,5.329577307897951
66,0.9138810085173846,118.65975934086268,13.901752186169386
67,0.46840223291128336,119.12816157377397,5.9056390247998465
68,0.3821554401482165,119.51031701392218,13.561997898506446
69,0.09020399179635928,119.60052100571853,12.209206314589505
70,3.7040797553209344,123.30460076103947,7.362797580094962
71,0.27424414631665267,123.57884490735611,13.845053180893604
72,0.23860681842868384,123.81745172578479,7.395211768112876
73,0.02314880029747954,123.84060052608227,7.486622649246667
74,0.0019482872807556324,123.84254881336302,8.322573664604892
75,0.9943838188831238,124.83693263224615,9.353508319796042
76,0.9146882001726532,125.7516208324188,14.749001505041127
77,0.5495343128745344,126.30115514529332,14.545208269883693
78,0.3895136209054748,126.6906687661988,12.728041070425098
79,0.4571088323656329,127.14777759856443,14.603607478442122
80,0.0024290167150408473,127.15020661527947,6.042040340450399
81,0.4899997886377814,127.64020640391725,12.757087621583313
82,0.15127374375481545,127.79148014767206,12.660506735732355
83,0.2736019922349707,128.06508213990702,14.640097290969539
84,0.675940105236714,128.74102224514374,12.946201105492724
85,6.556101154073272,135.297123399217,5.685315301083197
86,0.6499800209235592,135.94710342014056,14.793936441343973
87,1.3813844947100065,137.32848791485057,12.571009532746253
88,1.7074772510377172,139.03596516588829,8.765340274024215
89,0.1336778282889419,139.16964299417722,12.094753394617282
90,0.23585108400232643,139.40549407817954,12.120532465062498
91,0.08851538230259991,139.49400946048215,10.7656342845757
92,0.16273257856266501,139.65674203904481,12.284304170483141
93,1.3512794138248394,141.00802145286966,12.123067024040438
94,0.8812646431789857,141.88928609604864,11.132518152860863
95,0.04575346868514811,141.93503956473378,14.087331803780497
96,2.4442659333922476,144.37930549812603,8.695045734696379
97,0.6600302120900307,145.03933571021605,13.482785744430775
98,1.4685610526715351,146.50789676288758,11.104674544843789
99,1.109794772089617,147.6176915349772,12.449470676163266
100,0.3577256862413681,147.97541722121858,7.758040464538749
101,1.5978341275522114,149.57325134877078,12.225713565363993
102,0.6652000713734731,150.23845142014426,10.368429218133436
103,1.0477581552606192,151.28620957540488,12.509034595012173
104,0.0010884496166024165,151.28729802502147,6.591703580128559
105,0.31800569292108816,151.60530371794255,8.395462844001063
106,0.210064042867988,151.81536776081055,13.489071921894968
107,0.16725621489465878,151.9826239757052,11.223372111864645
108,0.8103270722720409,152.79295104797723,5.199828812758281
109,0.045778109635872456,152.8387291576131,8.24591974658407
110,0.11469458024683597,152.95342373785994,9.625715837321465
111,1.5010944528714165,154.45451819073136,13.596693786134752
112,0.05215838669433141,154.5066765774257,6.957517129584159
113,0.18268144761723143,154.68935802504294,10.06917212226465
114,1.0851853675468432,155.77454339258978,10.37188556194978
115,1.4192957363990755,157.19383912898886,14.857442905310904
116,0.11074387310917772,157.30458300209804,12.654582592798219
117,3.307580150771269,160.6121631528693,7.061952901305234
118,0.38943353039537393,161.00159668326467,11.648552993658104
119,0.040436512834941006,161.0420331960996,10.787867602074751
120,0.034774117757231944,161.07680731385682,13.734131920578744
121,0.13854240675878138,161.2153497206156,8.091910822393011
122,1.2025125669783174,162.41786228759392,9.244319448904882
123,0.04889136821322079,162.46675365580714,6.303704316733584
124,2.4173449152300517,164.88409857103719,10.56380601567488
125,2.3986315955957105,167.2827301666329,8.604791592825801
126,0.11770695120504492,167.40043711783792,10.75731587253078
127,0.8294331103098884,168.2298702281478,5.970715319221966
128,1.0109057924404925,169.2407760205883,12.921582650911752
129,0.42428084317727477,169.66505686376559,11.808371028666826
130,0.9283201417945268,170.59337700556011,13.70429332553645
131,0.4874955890595788,171.0808725946197,8.668282420193236
132,0.29030470669137065,171.37117730131106,5.812772374812356
133,1.3137947921476756,172.68497209345875,10.30079111885545
134,0.25237102891648044,172.93734312237524,13.501065936400504
135,0.4323842258030533,173.3697273481783,9.406441292635714
136,1.6605350047448533,175.03026235292313,5.544272275237127
137,2.2100981652388536,177.240360518162,12.288257147948338
138,0.5781888213202223,177.81854933948222,5.31159369907002
139,0.25350889921500086,178.07205823869722,13.936574079284538
140,0.7433013663491687,178.81535960504638,11.806582597558947
141,0.8596313646597237,179.6749909697061,9.879400442661499
142,0.3892573732516162,180.0642483429577,7.337647659033395
143,12.96223930320555,193.02648764616328,9.232693033454346
144,3.2255077435948443,196.25199538975812,11.987866176204651
145,1.8333387775594856,198.0853341673176,7.49990548490064
146,15.692988092706164,213.77832226002377,9.30598623623467
147,6.813035529624321,220.5913577896481,7.344742475669631
148,13.881002738775843,234.47236052842393,13.03291948519621
149,3.3989386990231774,237.8712992274471,14.88304978743713
150,4.604379046107553,242.47567827355465,7.975925399637616
