1,5.5565864369869,5.5565864369869,14.515271957450496
2,4.209214726384522,9.765801163371421,12.999887687962799
3,3.144381587704463,12.910182751075883,11.306166235450913
4,2.6033103959914556,15.513493147067338,11.004342920377859
5,10.06192122193532,25.575414369002658,14.92700231889604
6,3.1281001414964194,28.703514510499076,6.2929920542246975
7,0.5169695117337914,29.220484022232867,6.459018577871602
8,5.460784437105541,34.68126845933841,5.301077907488606
9,0.5218832960623334,35.20315175540075,10.807537669684784
10,1.8976660081633825,37.10081776356413,13.82167635564064
11,2.454866412160578,39.55568417572471,13.387145869957411
12,2.313998847810245,41.869683023534954,6.848489496180509
13,4.990928858187677,46.86061188172263,6.370817779183233
14,1.7982051938293107,48.658817075551944,7.0936133155513295
15,4.658380123566933,53.31719719911888,9.920494501072488
16,3.5891833859599718,56.90638058507885,8.85220404279086
17,0.46295857508494165,57.36933916016379,7.704661185658697
18,4.464528865093166,61.833868025256955,6.1573419934646045
19,1.1779361495897673,63.01180417484672,12.113665886433385
20,2.5206257622914325,65.53242993713816,13.563033338147774
21,1.1742917214950188,66.70672165863319,6.445644609101192
22,3.6552050330148824,70.36192669164807,6.46916953359126
23,2.298193400573861,72.66012009222193,8.350449300506728
24,1.441044041763829,74.10116413398576,11.071872807275096
25,4.710855142776714,78.81201927676247,14.215021031691094
26,0.5193943936794612,79.33141367044193,8.947859609589718
27,1.278517549443788,80.60993121988572,7.0585041645284665
28,0.7069139213257557,81.31684514121147,5.601259349924341
29,5.186191611893942,86.50303675310542,10.137520741290778
30,0.4222386657706618,86.92527541887608,14.723513903375753
31,0.07608891324193452,87.00136433211802,8.129051250304286
32,0.3230509962016689,87.32441532831969,11.457688460854746
33,0.01576303083342658,87.34017835915311,6.678907229365344
34,0.7981244769479154,88.13830283610103,6.743906231965421
35,1.500781370176964,89.639084206278,5.228985669061229
36,0.24737482979367947,89.88645903607168,5.777948262755409
37,2.1159672543363723,92.00242629040805,9.352802754388279
38,1.3733131390573428,93.3757394294654,13.702029388692873
39,0.001718686765109603,93.37745811623051,12.247443988980836
40,2.5708522012948323,95.94831031752534,11.561896353320902
41,0.42027119704311033,96.36858151456845,9.255123149343056
42,1.1422186876188662,97.51080020218731,11.245756822925326
43,0.5240770040371922,98.03487720622451,9.048929979771867
44,1.9037454491474126,99.93862265537192,6.68707957413324
45,0.2919953467823118,100.23061800215423,13.590294998670315
46,0.3528936126977584,100.58351161485199,14.137326113564214
47,0.9181367736882389,101.50164838854022,8.25871251280467
48,0.234987846017699,101.73663623455792,9.272277962964196
49,4.745916171331853,106.48255240588978,14.385535367470016
50,1.6247378829221424,108.10729028881192,10.078465565510182
51,0.1854462080611095,108.29273649687303,6.591996131990252
52,0.33881167858097605,108.63154817545401,14.706673560511717
53,0.3072549849931914,108.93880316044721,9.988448808790794
54,0.5151306933664436,109.45393385381365,12.677348433307351
55,2.8694888565792858,112.32342271039293,14.699532987720753
56,0.2681814657080567,112.59160417610099,9.467236897621756
57,0.45774676704122624,113.04935094314222,11.574219830678123
58,0.06941101888097956,113.1187619620232,14.761593176235165
59,1.5974293095474315,114.71619127157064,8.263997293251961
60,0.0686427967287987,114.78483406829943,6.755787098649364
61,0.09624479479606465,114.8810788630955,12.620128374210736
62,3.245700482710529,118.12677934580603,11.387580756760006
63,0.32211590966603504,118.44889525547207,7.131079055934694
64,1.3750516256847705,119.82394688115684,9.568509680150278
65,1.1757539066610554,120.9997007878179,13.101844649107996
66,0.2531186559718022,121.2528194437897,9.253159899362814
67,0.30717059969632615,121.55999004348602,11.339816262182122
68,0.6351256223549627,122.19511566584099,10.45730275545866
69,0.07709598611076406,122.27221165195175,10.140119094389656
70,0.2847089528170951,122.55692060476885,8.813977840642849
71,0.2244218917560395,122.78134249652489,6.504856603104907
72,0.38416413556708096,123.16550663209196,5.525869321185523
73,0.5863614537477233,123.75186808583969,14.964465692996763
74,0.5921794500334703,124.34404753587316,13.518415065656392
75,0.9026039840795186,125.24665151995268,9.421097223907235
76,1.2980447568303648,126.54469627678304,5.947580831445338
77,0.4718474718903176,127.01654374867336,8.839744528852508
78,0.2659883186109692,127.28253206728432,9.14140524084142
79,3.2112508993773132,130.49378296666163,6.729631943214414
80,0.41597548513386823,130.90975845179548,6.429976942337109
81,0.2502308912591667,131.15998934305466,14.683438832607475
82,2.9205733913093,134.08056273436395,13.599363483633502
83,0.9113661328807274,134.99192886724467,14.124085678775543
84,1.3022516762748506,136.29418054351953,14.066002238603843
85,0.04401538253227043,136.3381959260518,7.234123801341918
86,0.3947403385260909,136.7329362645779,7.562543212060056
87,2.5124663951588864,139.24540265973678,10.327240246518805
88,0.30199390909768886,139.54739656883447,7.714207488502637
89,2.736440537106688,142.28383710594116,5.931222841447394
90,1.7966075333200153,144.08044463926117,11.908058657400673
91,0.4889741004202035,144.56941873968137,9.057272393444142
92,0.7300114988260791,145.29943023850745,10.832913010778999
93,0.683613817323146,145.9830440558306,11.26423392512728
94,1.8802459113158714,147.86328996714647,11.626594889877735
95,1.97684172195132,149.8401316890978,10.738583915355218
96,0.0540682781909375,149.89419996728873,7.900783374922392
97,0.4475715402279938,150.3417715075167,5.023977369299759
98,0.20153137564537602,150.54330288316208,9.182969922835417
99,1.3773220047225698,151.92062488788466,5.386354034524733
100,0.1193266993183358,152.039951587203,7.781563908603431
101,0.6441959671845895,152.6841475543876,8.578201159811542
102,5.110121284954082,157.7942688393417,7.320300385128602
103,0.7451775873785718,158.53944642672027,6.971897695045923
104,0.4760570235810326,159.0155034503013,11.6274496562396
105,0.4120787915422716,159.4275822418436,9.045098514709846
106,1.1600172330346938,160.5875994748783,7.335563269530109
107,0.13271782282999461,160.72031729770828,11.727070222069251
108,2.6085095142522423,163.3288268119605,7.982020655143777
109,3.1520464341047845,166.4808732460653,14.540466244218013
110,0.008933402991455681,166.48980664905676,8.836633563846828
111,0.2698591811064854,166.75966583016324,12.789462980673559
112,1.1121058384272842,167.87177166859053,12.938776910922233
113,0.537634003251737,168.40940567184225,7.645828920531911
114,0.2475813487382141,168.65698702058046,8.538952536086388
115,2.146025183039308,170.80301220361977,8.048992255010988
116,2.107280384754859,172.91029258837463,9.256754616286393
117,1.1005127157682897,174.01080530414293,13.757241894478348
118,0.8707789390734859,174.88158424321642,8.088037187663684
119,0.35362665015189093,175.2352108933683,13.69861354631392
120,4.38827260604168,179.62348349940999,12.79365866510554
121,0.3638202936892432,179.98730379309922,12.434727405503345
122,0.16695532796503132,180.15425912106426,11.881722549110329
123,19.512077715538403,199.66633683660265,6.011496193161815
124,8.51762376784934,208.18396060445198,5.659550430959409
125,20.017623597075488,228.20158420152748,9.397129456855351
126,15.113869175290686,243.31545337681817,9.759727875548084
