1,2.5114604471009043,2.5114604471009043,11.854199583920758
2,10.94576515952226,13.457225606623165,9.120393723270405
3,3.0388968949589406,16.496122501582107,7.464851061048231
4,2.803835224939485,19.29995772652159,9.911856080072306
5,5.00974940141924,24.309707127940833,10.709901236118355
6,3.7597007323919467,28.06940786033278,11.537308371103318
7,1.9874795647245846,30.056887425057365,6.638025323991115
8,3.5436567867482287,33.60054421180559,9.145318068232722
9,5.12341205556684,38.72395626737243,11.927533775417434
10,9.688287993459287,48.41224426083171,5.411482620223644
11,2.5403339473042754,50.95257820813599,5.153101403174868
12,0.9852921469106025,51.93787035504659,6.910174532838375
13,10.176106994576418,62.11397734962301,8.714362630396232
14,0.9281347600623195,63.042112109685334,14.353226498716651
15,0.04578088576791005,63.087892995453245,8.075607970932744
16,0.5746150352877951,63.66250803074104,13.51322150881936
17,0.11961079929874552,63.782118830039785,13.229854281287333
18,0.4100625586735452,64.19218138871334,11.796332656930598
19,0.2638831368673362,64.45606452558067,7.502113068309094
20,0.9825686961056883,65.43863322168636,11.113745519259648
21,0.7298729151939672,66.16850613688032,13.521049847082168
22,0.010922758286345488,66.17942889516667,13.19792932657647
23,1.7010257174504344,67.8804546126171,10.619202120081392
24,0.5149063206494493,68.39536093326655,8.989480889650203
25,1.3678691867031487,69.76323011996969,6.75452455696398
26,0.7198599258514475,70.48309004582114,8.909906379300603
27,1.2677813190301641,71.7508713648513,13.987561872508037
28,0.09475904891517671,71.84563041376649,12.596544761872288
29,0.5852907065761485,72.43092112034263,7.708752016992806
30,1.8826758084559205,74.31359692879855,10.036790388104832
31,0.33196145450525194,74.6455583833038,14.531388813418754
32,0.9450192590987305,75.59057764240252,9.988537537878074
33,1.093288373672004,76.68386601607453,10.980534535290644
34,0.05896631829605725,76.74283233437059,7.611259310753036
35,4.787134918995921,81.52996725336651,7.705667615930821
36,0.37973042617967995,81.90969767954618,10.715744985340253
37,1.0919217328542115,83.0016194124004,7.294223387246282
38,1.4086246646492067,84.41024407704961,14.80828134150574
39,0.02905100659456095,84.43929508364417,10.178926331953148
40,1.0880720293767094,85.52736711302087,11.578705579888233
41,1.7892524744388552,87.31661958745973,12.605349475075345
42,0.41310606519969656,87.72972565265943,12.560037619704538
43,0.11309572947990654,87.84282138213933,8.946274802654084
44,1.918600929650943,89.76142231179028,7.064776540566212
45,0.7135788258558532,90.47500113764613,12.98205767270748
46,0.3966534934303904,90.87165463107652,13.908448314167982
47,0.6600652960581339,91.53171992713466,6.552771324042244
48,2.597190719014539,94.1289106461492,5.5017797954830385
49,0.6256949522445532,94.75460559839375,7.867757566269625
50,0.38863604085154085,95.14324163924529,9.48922425498461
51,0.3259469899515923,95.46918862919688,13.857566813967873
52,2.972194854195813,98.4413834833927,7.427226702583727
53,2.815255258452565,101.25663874184526,11.571989378962936
54,0.16808528740553608,101.4247240292508,12.00333067273709
55,0.5036273241463222,101.92835135339712,5.887224340268028
56,0.3491995756984494,102.27755092909557,10.263386130218837
57,1.611610080818115,103.88916100991368,10.93696880230914
58,1.8185169115710487,105.70767792148473,12.229527684544088
59,0.5926299905355042,106.30030791202023,12.567805178365663
60,0.15049482799828362,106.45080274001852,8.89521317079943
61,1.3898519331976988,107.84065467321622,14.401704649611379
62,0.30288009453279185,108.14353476774902,12.837328759635142
63,0.9557592521410653,109.09929401989008,8.92165633400579
64,0.7192317405346708,109.81852576042475,5.70772352014067
65,0.295335321123018,110.11386108154777,6.788621926959232
66,1.5957695744364282,111.7096306559842,12.343478302112104
67,0.14574508927601007,111.8553757452602,11.147254106222341
68,4.017577374930877,115.87295312019108,5.902680684366083
69,0.47412063391745846,116.34707375410855,5.605721850391178
70,0.34396533607375634,116.6910390901823,8.641812962310912
71,0.695706089682194,117.38674517986449,8.812197190541905
72,0.484565416773956,117.87131059663845,12.717464874970624
73,4.3820334056733525,122.2533440023118,6.965924217827508
74,0.1553748161278974,122.40871881843971,10.375631815354415
75,0.041827935235664415,122.45054675367537,10.936456623442485
76,0.2073043972095345,122.65785115088491,8.724695235157101
77,0.2691998976403956,122.9270510485253,6.170841781341466
78,0.09507139851047039,123.02212244703577,13.394922492946664
79,4.4452801357002105,127.46740258273599,14.920460917935008
80,0.24069184224321166,127.7080944249792,8.88596673629775
81,0.08514838164267471,127.79324280662186,11.621260800245517
82,2.913820777122161,130.70706358374403,10.141684296747862
83,0.6364432755802528,131.3435068593243,9.04205288851194
84,1.049143286734138,132.39265014605843,12.97953075293048
85,1.349457936393395,133.74210808245184,14.948818119396156
86,0.42822376448912397,134.17033184694097,5.699298501758045
87,0.9944572026822096,135.16478904962318,10.22478444452927
88,1.8895875131149467,137.05437656273813,9.926752534643626
89,0.6108934610034695,137.66527002374158,14.518215219988772
90,0.6734459600079815,138.33871598374955,9.733626219023348
91,0.08514283445032154,138.42385881819988,10.65997429194828
92,0.7639150274657109,139.1877738456656,12.39227178619445
93,0.938923930706219,140.1266977763718,14.297633674967518
94,1.4598116322378454,141.58650940860966,10.515318697316482
95,1.1305525534765908,142.71706196208626,6.817029791005745
96,0.6546527001497561,143.37171466223603,8.923740508473456
97,0.8917513907672017,144.26346605300324,12.920507794797953
98,0.12999446017840421,144.39346051318165,6.104322446797474
99,2.1581656564788774,146.55162616966052,12.045448475053039
100,0.2003006994170227,146.75192686907755,6.787555001483298
101,2.3154696391660665,149.0673965082436,5.602649278993778
102,0.33209307798173315,149.39948958622534,7.461338497273861
103,2.112127159260931,151.51161674548626,10.73549002456278
104,1.1078384417801062,152.61945518726637,10.265136330108177
105,0.7024708690497176,153.32192605631607,7.7212188167259495
106,0.08804721136593827,153.409973267682,8.774029004578232
107,1.8263584617609114,155.23633172944292,5.972238841355254
108,2.1560800965090348,157.39241182595197,9.699054660795388
109,0.03186585739918495,157.42427768335116,6.086698740669392
110,0.5746642688934964,157.99894195224465,14.735267245480463
111,1.6670241308442793,159.66596608308893,5.931862265539972
112,0.2905540273346658,159.9565201104236,7.1946114474011535
113,1.3329558063924674,161.2894759168161,10.899673243743218
114,0.15921929772222548,161.4486952145383,10.677463353746575
115,1.0709658624020115,162.5196610769403,9.239356243233752
116,1.423623626243268,163.94328470318356,8.388796647611958
117,0.5124424849963036,164.45572718817988,10.253263824445959
118,0.48029726820626345,164.93602445638615,5.725256776328374
119,0.24755695225174332,165.1835814086379,14.991556043809247
120,1.7819563464250396,166.96553775506294,9.035709681877277
121,0.45917415770888337,167.4247119127718,10.938330341663772
122,0.8673212696239598,168.29203318239578,14.689112128714921
123,0.149836656574771,168.44186983897055,8.170010564275216
124,4.440990067881723,172.88285990685227,6.240767592819657
125,1.3257769307987373,174.208636837651,9.736989403487492
126,0.0030685728123470844,174.21170541046334,12.434576640944906
127,0.7603365645295392,174.9720419749929,6.209870189889223
128,0.3425208063840607,175.31456278137696,9.499590255699207
129,1.5679152520923956,176.88247803346937,12.87997818703307
130,0.7611297185338693,177.64360775200325,10.532571111668556
131,1.343606530739131,178.98721428274237,8.48971801156546
132,0.5404687246291219,179.5276830073715,11.750680040817624
133,0.7011131319859035,180.2287961393574,6.625598032418639
134,0.20237298304930137,180.43116912240671,9.97351294896474
135,8.499057537793245,188.93022666019996,11.713890588312193
136,22.73931634327819,211.66954300347817,13.765276400232471
137,13.157133343030072,224.82667634650824,10.256678377850836
138,3.2740148752752143,228.10069122178345,8.013489529193821
139,12.754535895673527,240.855227117457,5.74622706595342
