1,0.0,0.0,3.8894596783815447
2,0.0,0.0,3.363435137400336
3,0.0,0.0,5.337900452778647
4,0.0,0.0,6.369230563190115
5,0.0,0.0,6.6849440133304
6,0.0,0.0,5.996059852769667
7,0.0,0.0,4.200725724350149
8,0.0,0.0,4.921411008615824
9,0.0,0.0,3.3064967072718963
10,0.0,0.0,5.685838137595555
11,0.0,0.0,4.59176477183037
12,0.0,0.0,3.9486963205481054
13,0.0,0.0,6.306395978685112
14,0.0,0.0,3.1259505229992004
15,0.0,0.0,6.179196648017035
16,0.0,0.0,3.0795449521223337
17,0.0,0.0,6.819039088259229
18,0.0,0.0,4.964161514423601
19,0.0,0.0,6.802772234125961
20,0.0,0.0,4.326509047192204
21,0.0,0.0,6.5787387142115
22,0.0,0.0,4.230164895878239
23,0.0,0.0,5.80896118686856
24,0.0,0.0,5.281207975736237
25,0.0,0.0,6.782672848689357
26,0.0,0.0,5.245821140782336
27,0.0,0.0,3.507664193067034
28,0.0,0.0,4.975458403952044
29,0.0,0.0,6.939441352478677
30,0.0,0.0,6.651657941058193
31,0.6307938403829213,0.6307938403829213,6.337990896858711
32,1.6717435744452642,2.3025374148281856,3.3563525139769985
33,2.3281248286833893,4.6306622435115745,6.008643261458371
34,1.3379965455558,5.968658789067375,4.404412847075376
35,0.5344001982797227,6.503058987347098,6.4976099859391105
36,0.27962402757802574,6.782683014925123,4.395497489423379
37,0.047514665183789544,6.830197680108912,5.120035619319985
38,0.1994375815869402,7.029635261695852,4.492389157341406
39,0.2357497585089633,7.265385020204816,6.41560456653429
40,0.6648796650171713,7.930264685221987,3.122667077134762
41,2.4120886480829706,10.342353333304958,6.501693510598596
42,1.428168093687403,11.77052142699236,4.127506226736234
43,0.45713636986494094,12.2276577968573,5.869409892952792
44,0.8478802473994607,13.075538044256762,6.146722323236855
45,0.314865586640976,13.390403630897739,6.433965002110897
46,1.8147954516160696,15.205199082513808,6.309261475316726
47,0.302265505956255,15.507464588470063,4.325096493880675
48,0.1848209057050259,15.692285494175088,6.027578309733917
49,0.19411132691975008,15.886396821094838,5.662446828364919
50,0.23232911787165508,16.11872593896649,5.073723478369017
51,0.6354660476761734,16.754191986642667,3.9042659178243238
52,1.8667220042316048,18.62091399087427,3.066024440944926
53,0.30811651573979054,18.929030506614062,6.049753452458942
54,0.76491579451123,19.69394630112529,4.703615472282387
55,0.11739641052957948,19.81134271165487,3.2202121414785014
56,0.2986324169231258,20.109975128577997,5.1082362590006944
57,0.213424389248618,20.323399517826616,6.878902198935468
58,0.8804174573144482,21.203816975141063,5.456404839842451
59,0.46478722551067064,21.668604200651732,4.159096192309047
60,0.11537891573195129,21.783983116383684,5.004591458411902
61,0.1799482564722703,21.963931372855953,5.080888369817794
62,0.061828133253734666,22.025759506109686,3.9884830997765097
63,0.3477743169325408,22.373533823042226,3.408268386008269
64,0.12590167886763215,22.499435501909858,5.5375026556233475
65,1.0310625044476107,23.53049800635747,5.724338327422325
66,0.4549484464736672,23.985446452831138,3.7329898065850182
67,0.033044048103147636,24.018490500934284,3.2907596745297667
68,0.11183906781786272,24.130329568752146,5.061064745450752
69,0.3611367976196667,24.491466366371814,4.0869344657563635
70,0.13511784610082994,24.626584212472643,6.5818029323198495
71,0.006356279133539162,24.63294049160618,3.716466640357949
72,0.025969876926894037,24.658910368533075,6.356602327839184
73,0.0987542071707376,24.757664575703814,6.626350362173797
74,0.16388201657246504,24.92154659227628,3.4552520385268974
75,0.8801987441809578,25.801745336457238,3.2010037270594873
76,0.6428412770983497,26.444586613555586,4.162609576222314
77,0.030585415518878285,26.475172029074464,5.875221711718009
78,0.8253306600311028,27.300502689105567,6.359380295738751
79,0.7228950983216424,28.02339778742721,3.0698379814830092
80,0.5372398149221723,28.560637602349384,4.047080181202709
81,1.0675955236997063,29.62823312604909,5.273579426653244
82,0.4772415056040367,30.105474631653127,6.709254618119786
83,0.22114148529226982,30.3266161169454,3.9164449440194438
84,0.5026890973811575,30.829305214326556,6.39895481411202
85,1.4527139509479722E-4,30.82945048572165,3.81100945099866
86,1.470894584672675,32.30034507039433,3.0217642818095647
87,0.32371647685166016,32.62406154724599,4.813877481277087
88,0.5194990762766676,33.14356062352265,4.856490740729885
89,0.9726981873024043,34.11625881082506,5.507031544801071
90,0.298794723920925,34.41505353474599,5.1122203806264235
91,0.26190234823878056,34.676955882984764,4.30755720761548
92,0.6658436700478998,35.34279955303266,3.6818802428121464
93,0.1295840938845986,35.47238364691726,4.754179778917452
94,0.1676872023674875,35.64007084928475,3.191360960327555
95,0.6504426007902319,36.29051345007498,3.8491503745833398
96,0.5279486909646649,36.818462141039646,4.052189911953417
97,0.00353025378153579,36.82199239482118,4.919355627448945
98,0.30391890482518585,37.12591129964637,4.153977023059798
99,0.1663719649393962,37.29228326458576,4.826433318017923
100,1.8985799707814095,39.190863235367175,6.816622603468142
101,0.003115940507979539,39.19397917587516,4.359400731486756
102,0.21848033362787575,39.41245950950303,5.216174907684182
103,0.2285820710839291,39.64104158058696,6.13253648429094
104,0.10658744077280087,39.74762902135976,4.883675438213067
105,1.1988756781326424,40.9465046994924,6.688387781196836
106,0.038893252826594886,40.985397952319,4.5254446800618044
107,0.038779843543820774,41.02417779586282,3.0525901931823105
108,0.12618372193797364,41.150361517800796,4.759468953519403
109,0.048226854778799476,41.19858837257959,3.5338546267031066
110,0.250376116269604,41.4489644888492,3.5914649449148803
111,0.13680676158047256,41.58577125042967,5.0052206001126684
112,0.43281155212947725,42.01858280255915,3.723554739813843
113,0.15006008591471037,42.16864288847386,3.393082041724593
114,0.23387231216458684,42.40251520063845,3.745392270378401
115,0.8456789641619828,43.24819416480043,4.648254040813329
116,0.21854166770290342,43.46673583250333,3.6653832816350227
117,0.6770636380581974,44.14379947056153,6.670359098210806
118,0.8980963334802712,45.0418958040418,6.566284632901518
119,0.09156830275302924,45.13346410679483,3.439720833767238
120,1.623022518431972,46.756486625226806,3.3372646394161176
121,0.2388642769248338,46.99535090215164,3.1257805921867554
122,0.17555274545495192,47.17090364760659,6.218118307311039
123,0.5514978123102404,47.72240145991683,4.430312624091762
124,0.14842716490152272,47.87082862481835,6.7894926134045015
125,0.5027093749798398,48.37353799979819,5.415245788164308
126,0.1971641859053518,48.57070218570354,4.536670756735072
127,0.3246893983032352,48.895391584006774,4.468708571029901
128,0.11857305795945147,49.013964641966226,3.6973415579527473
129,0.006021586847164491,49.01998622881339,6.281053745372246
130,0.012172395267130981,49.032158624080516,4.662054788632965
131,0.16324329679940497,49.195401920879924,5.45735919980484
132,1.3937066873121053,50.58910860819203,6.225721335518229
133,1.7266709036403047,52.31577951183233,5.148453437129536
134,0.22519250165355456,52.540972013485884,6.959285612057755
135,0.43890400043463773,52.979876013920524,6.787695485908392
136,0.2700929686564834,53.24996898257701,3.659950459621717
137,1.2806141788325274,54.53058316140954,5.217763410496478
138,0.09554696562179438,54.62613012703133,5.605686153694039
139,1.2281809392626728,55.854311066294,6.007977223359269
140,0.09494551624715349,55.94925658254115,5.576458181136043
141,0.12921789016104637,56.0784744727022,6.428620585558593
142,0.6949254149799878,56.77339988768219,6.877548107026362
143,0.39037935333477847,57.16377924101697,3.8499090168853587
144,0.2412613603831902,57.40504060140016,3.295093983300797
145,0.14186839000565107,57.54690899140581,6.224722158915203
146,0.2083389780644124,57.75524796947022,6.057732701565482
147,0.228521851689776,57.983769821159996,4.121021746282889
148,0.33912899184099005,58.32289881300098,3.7306983587151907
149,0.1519728697646939,58.474871682765674,4.955639951049456
150,1.553917272694343,60.028788955460016,4.755236510091358
151,3.5794696200977367,63.608258575557755,6.386756414522742
152,2.3069895605452655,65.91524813610302,6.1153215197857715
153,1.2894063286724269,67.20465446477544,3.5235967317969177
154,6.079673812931199,73.28432827770665,5.6944094904080105
155,5.034026057340162,78.3183543350468,5.118930828381667
156,6.090594589590623,84.40894892463743,6.026876885978275
157,0.8420784518006009,85.25102737643803,6.430731010703209
158,1.4205713468402497,86.67159872327828,6.4666237681831715
159,0.03745502616560473,86.70905374944388,5.6248676177167525
160,9.570094148459138,96.27914789790302,4.341440553637529
161,11.292319150778518,107.57146704868154,4.605947031205282
162,4.780448840608416,112.35191588928996,3.1876373789760546
163,2.1315743958072115,114.48349028509716,3.8051545673566998
164,5.496928604773984,119.98041888987115,4.922666962209064
165,0.44013916212954873,120.4205580520007,5.9257570042773695
166,13.658661207437241,134.07921925943793,3.3204299996731286
167,3.077317095204306,137.15653635464224,5.792580771559194
168,7.190046981375794,144.34658333601803,3.8167546479549985
169,0.7736685490568209,145.12025188507485,5.239277604078699
170,9.83447037302312,154.95472225809797,4.800043694837836
171,2.50245328685682,157.4571755449548,5.473160189870917
172,0.36541486194452083,157.8225904068993,5.510290591668871
173,6.271628522221789,164.0942189291211,5.1046444987056825
174,3.211677685250711,167.30589661437182,5.685759763821066
175,3.154060063610726,170.45995667798255,6.068142913454104
176,8.576058180008632,179.03601485799118,4.659788291570445
177,0.7119949918338073,179.748009849825,5.999925097250502
178,0.6247074540496702,180.37271730387468,5.340127666362299
179,4.601152737419421,184.9738700412941,6.328724331559378
180,20.5179501766613,205.49182021795542,5.193402436596451
181,4.226949605252596,209.71876982320802,6.321031855024607
182,13.176675947049826,222.89544577025785,5.8241395797118125
183,8.33707594373294,231.2325217139908,5.520702934123749
184,0.7288243182669507,231.96134603225775,3.810072771482982
185,1.9558624220631429,233.9172084543209,5.842054099912648
186,2.3673790065792466,236.28458746090016,6.65663389164683
187,0.16096565702002164,236.44555311792018,3.843631354304164
188,3.484358829107995,239.9299119470282,3.0986373302680117
189,0.2873579353693307,240.21726988239752,5.718741937730179
