1,0.0,0.0,5.70700760177837
2,0.0,0.0,5.012239116104064
3,0.0,0.0,4.661926111807498
4,0.0,0.0,6.526186484604333
5,0.0,0.0,4.4445519897416625
6,0.0,0.0,4.093782959410937
7,0.0,0.0,4.986484683701744
8,0.0,0.0,5.358537476821796
9,0.0,0.0,5.72402221360783
10,0.0,0.0,5.8218239489768315
11,0.0,0.0,6.448754619546596
12,0.0,0.0,6.422065439350906
13,0.0,0.0,5.651032965809538
14,0.0,0.0,6.81565520380226
15,0.0,0.0,3.291304231932473
16,0.0,0.0,3.3078021914404085
17,0.0,0.0,6.453942888001045
18,0.0,0.0,4.191584823694825
19,0.0,0.0,5.120369397912455
20,0.0,0.0,5.556357892967188
21,0.0,0.0,3.270833556601872
22,0.0,0.0,4.328166248952569
23,0.0,0.0,3.1290008831264826
24,0.0,0.0,4.865000538262977
25,0.0,0.0,4.217666092461821
26,0.0,0.0,4.5847881974707585
27,0.0,0.0,4.367705594237821
28,0.0,0.0,5.550650042776198
29,0.0,0.0,5.344979186670757
30,0.0,0.0,5.318658149154528
31,0.0,0.0,5.326094087728347
32,0.0,0.0,5.71855518750112
33,0.0,0.0,5.869150170398454
34,0.0,0.0,6.9484213774696135
35,0.0,0.0,3.6789073446027136
36,0.0,0.0,6.329329716486103
37,0.0,0.0,6.815891166817649
38,0.0,0.0,5.680726728918017
39,0.0,0.0,5.170661021160736
40,0.0,0.0,6.2074313674727595
41,0.0,0.0,3.963967633864788
42,0.0,0.0,3.12879286906573
43,0.0,0.0,4.875844464708772
44,0.0,0.0,5.308908867525003
45,1.8265029703979105,1.8265029703979105,3.6480199480869664
46,0.218511906080999,2.0450148764789096,4.486364803307408
47,0.05217767284391599,2.0971925493228256,5.186741659748619
48,0.9051167968214971,3.002309346144323,5.157034576510968
49,0.32011974241033314,3.322429088554656,6.598084341386983
50,0.4606822580342489,3.783111346588905,4.71740524942572
51,1.2228652635595807,5.005976610148486,4.174168128688977
52,0.43683214273478643,5.4428087528832725,3.3638314789367425
53,1.2381754396690239,6.680984192552296,3.814140023248728
54,1.499419657560903,8.1804038501132,3.0978361357042665
55,0.4938587562787039,8.674262606391903,5.992322589280494
56,0.5849626194064276,9.25922522579833,6.531168352818134
57,0.17012788327092015,9.42935310906925,3.440741254744163
58,2.574655181392615,12.004008290461865,3.7863975359462314
59,0.583714066021073,12.587722356482939,6.154331659185105
60,0.17443112037966615,12.762153476862604,3.3176167786739246
61,0.20649816171780874,12.968651638580413,4.594295211866081
62,0.4202916704867913,13.388943309067205,4.2427565763543456
63,0.2078021485284681,13.596745457595674,6.791883194003434
64,0.2525018314451792,13.849247289040854,4.811307266186649
65,0.10525608008083341,13.954503369121687,6.202141930520531
66,3.6028498278705,17.55735319699219,6.306258254350778
67,0.08421649777329615,17.641569694765487,5.026514144780015
68,0.15981283811101085,17.8013825328765,6.173321570763857
69,0.09420028022626432,17.895582813102763,6.382615026585736
70,0.6634092555224381,18.5589920686252,4.9561954803938715
71,0.8472944336794749,19.406286502304678,4.119758064039536
72,1.1524314470887216,20.558717949393397,5.193635462883252
73,1.2543869254892543,21.81310487488265,4.070565584678084
74,0.07101190658869778,21.88411678147135,5.417720888167198
75,0.41725383569899865,22.30137061717035,6.450069158759931
76,0.7020112275107163,23.003381844681066,6.3150473863696845
77,0.2329023502252613,23.236284194906325,3.1551193070337544
78,0.012386560998883363,23.24867075590521,3.8589866239424224
79,0.6581781298986378,23.906848885803846,4.704913480037985
80,0.30182392664888236,24.20867281245273,3.5065365265215585
81,0.011297108096539906,24.219969920549268,6.910195639665643
82,0.14114638905139504,24.361116309600664,5.525648424000986
83,0.164716274619499,24.52583258422016,6.655684705181157
84,0.08781504715329694,24.613647631373457,5.111397862807236
85,0.07620838378607613,24.689856015159535,4.645401509681513
86,0.721767155689944,25.411623170849477,4.820211357736831
87,0.7285232770859664,26.140146447935443,3.4897692298109733
88,0.02541575824295409,26.165562206178397,5.435242720266447
89,0.14804341919413072,26.313605625372528,4.030904721954297
90,0.5870766770193415,26.900682302391868,5.557559108319355
91,0.06216892600097391,26.962851228392843,6.712312372724295
92,1.636781479528628,28.599632707921472,5.248035102405873
93,0.799791026249167,29.39942373417064,3.4105333348611095
94,0.37535240521525676,29.774776139385896,3.989309978505547
95,1.1173716612621665,30.89214780064806,5.716828732036693
96,0.3119480388764769,31.204095839524538,4.88643528403938
97,1.2182389952738855,32.42233483479842,5.549964143803564
98,1.3929186599463772,33.815253494744795,3.634603586114977
99,0.04835888154185642,33.86361237628665,6.662629295770088
100,0.2993859952532005,34.16299837153986,4.313898084182576
101,0.646484108352308,34.80948247989217,4.102321457775792
102,0.2751360550623455,35.084618534954515,4.084839870595086
103,0.0814181574678927,35.16603669242241,3.475597343469821
104,0.1599611452026425,35.32599783762505,3.362139266044986
105,0.3354673526915547,35.661465190316605,5.500819433745747
106,0.3368479975492241,35.998313187865826,3.929079331431838
107,0.10416325110418406,36.10247643897001,4.641793308889049
108,1.464037148547694,37.566513587517704,5.334658251396796
109,0.34900331988574956,37.91551690740345,6.4666512591742435
110,0.544867658278137,38.460384565681586,5.421590425008845
111,1.0019691206639902,39.46235368634558,5.731304538683794
112,1.1006222256918716,40.56297591203745,5.667184119880973
113,0.3745624349419211,40.93753834697937,4.380950567156637
114,0.11696565843685591,41.05450400541623,5.507086701777886
115,0.5599337914555913,41.61443779687182,5.492436260319174
116,0.012718810437013716,41.627156607308834,6.952345577476567
117,1.000687514167541,42.62784412147637,4.042229169478231
118,0.5125440540592882,43.14038817553566,5.393522405686669
119,0.1362924006786628,43.276680576214325,6.299140804176417
120,1.2187421941442773,44.4954227703586,5.31479849598659
121,1.0594153520246092,45.55483812238321,4.5684343037787425
122,0.6550315712018666,46.20986969358508,3.028307356668487
123,0.42525724679860577,46.635126940383685,5.320700520357585
124,0.10180508540307528,46.73693202578676,4.336037255498898
125,0.21663783735655207,46.95356986314331,6.939206658091201
126,0.6786792024737209,47.63224906561703,5.172305453037749
127,1.2085937726576503,48.84084283827468,5.7669222332467935
128,0.18755731905071674,49.0284001573254,6.718976169690545
129,0.10296905773444064,49.13136921505984,4.868360073119581
130,0.4165359651275001,49.54790518018734,4.133073896087174
131,1.5311646879892065,51.079069868176546,3.530615856211765
132,0.9628187684433493,52.041888636619895,6.004987892542197
133,0.05032333262891653,52.09221196924881,3.734738356601166
134,1.5033902724621067,53.595602241710914,6.5279192722987265
135,0.56110423659882,54.15670647830974,4.4926307244506365
136,0.7606720122751979,54.91737849058494,3.5402598203336635
137,0.06503132378280087,54.98240981436774,3.4025974901869307
138,0.34240214925777324,55.324811963625514,4.578828646517048
139,0.6721539989683835,55.9969659625939,5.970530715483431
140,0.393146411031282,56.39011237362518,4.553937946331702
141,0.37184052386789773,56.761952897493074,5.416261599256844
142,0.10725611518901582,56.86920901268209,3.1508704041811653
143,0.05695683585727836,56.92616584853937,3.72924176573856
144,1.2880041190256462,58.21416996756501,6.43024715937283
145,1.4133209714236592,59.62749093898867,4.505895840868954
146,0.2152758933232373,59.84276683231191,6.148627144779661
147,1.104103583006271,60.94687041531818,5.150259491622558
148,6.81415460063449,67.76102501595267,6.2597260569924735
149,2.6435157126325355,70.4045407285852,5.982004677854181
150,2.4453388927330972,72.8498796213183,6.724619466151528
151,1.6935626227554266,74.54344224407372,4.630580298939506
152,2.4793259870749003,77.02276823114862,3.6986370079499444
153,9.275797324277118,86.29856555542574,4.968870335321359
154,5.878880476952119,92.17744603237786,3.2810564923089767
155,4.846137046549832,97.02358307892769,4.549916843958435
156,1.1474321121606554,98.17101519108834,5.273049890049864
157,7.477385836697273,105.64840102778561,4.725953402636467
158,1.0234479333846354,106.67184896117024,6.549539594526699
159,1.0363304631072299,107.70817942427747,4.747197940676926
160,4.967154565376992,112.67533398965446,3.168561815720074
161,1.3933142157062814,114.06864820536074,3.1132612550612913
162,3.2655810038651163,117.33422920922587,5.549672199216808
163,6.0250080721056785,123.35923728133154,4.692988584038742
164,0.35821931075367913,123.71745659208523,3.921110160145058
165,3.427405290054593,127.14486188213982,4.11622892874642
166,0.6746660783266702,127.81952796046649,6.230352926749685
167,2.685584986499658,130.50511294696614,4.704221757173627
168,12.278903105603082,142.78401605256923,5.8662686981314245
169,0.16741517359277897,142.95143122616201,6.356543400897645
170,2.2157786906821704,145.16720991684417,6.450313526960668
171,2.168567111933882,147.33577702877807,3.6808744026341635
172,7.820852498432158,155.1566295272102,5.0539690498618945
173,0.15698913063041245,155.31361865784064,5.188586960720281
174,0.34650454030728417,155.66012319814791,5.4115203760133745
175,3.2501778823354406,158.91030108048335,5.334276443744489
176,0.3148673545710951,159.22516843505446,5.8431875319358255
177,5.368263487592394,164.59343192264686,3.605257793994902
178,3.6024489326824356,168.1958808553293,4.254420314533483
179,3.077218479551391,171.2730993348807,5.9255112587661705
180,2.6775429302655636,173.95064226514626,5.891595033220252
181,1.6142546079750089,175.56489687312126,5.8073762024507305
182,0.3629450767901624,175.92784194991142,6.037459208151207
183,2.5746130914188283,178.50245504133025,5.759609796156072
184,7.099727703066824,185.60218274439708,3.9601546347909498
185,1.687557643753739,187.28974038815082,6.94584356436031
186,7.593272101841086,194.8830124899919,3.420130514538489
187,0.919643642260068,195.80265613225197,5.567875652142571
188,3.2902688524619745,199.09292498471393,6.537471283500306
189,1.4600487000570408,200.55297368477096,3.9842417831884154
190,1.228825302215051,201.78179898698602,3.1257102860133963
191,18.392597356325027,220.17439634331106,6.5267479921265075
192,4.777754314396614,224.95215065770768,5.956104526776474
193,0.1972432685194112,225.14939392622708,5.930903308919998
194,6.611180822260466,231.76057474848756,3.6176419920995535
195,3.9578034182790267,235.71837816676657,6.435714563456526
196,0.8865375854240347,236.6049157521906,6.435007979576525
197,4.4953635218987635,241.10027927408936,5.4324515158290705
