1,0.45144436878493344,0.45144436878493344,5.567149690158935
2,2.227064548988414,2.678508917773348,14.909140393417156
3,3.0113039331349087,5.689812850908257,13.950016187753324
4,4.57460326556451,10.264416116472766,14.00926982046058
5,0.6273467252120748,10.89176284168484,5.71618691308207
6,6.670429267052046,17.562192108736888,6.990374144474503
7,6.123540465850037,23.685732574586925,5.095735059841636
8,5.203782001690184,28.889514576277108,6.760439931635461
9,1.5219016352958699,30.411416211572977,10.224113194386828
10,2.320006403856281,32.73142261542926,13.51068447744873
11,4.18096689559984,36.9123895110291,11.593747245212878
12,0.9679441312911812,37.88033364232028,5.662269388157384
13,0.6572849624105427,38.537618604730824,10.225671599853442
14,2.467248162129648,41.004866766860474,8.442045249861788
15,11.531596778069332,52.5364635449298,11.864756547272767
16,4.710826676559025,57.247290221488825,8.25706633229748
17,1.8608737441486811,59.10816396563751,8.67889834790755
18,1.7665329806307553,60.874696946268266,10.465426874421556
19,0.3178924868804517,61.19258943314872,6.091359782099818
20,0.23694970770942855,61.42953914085815,11.815956777990555
21,1.3927978731517932,62.82233701400994,13.383040165986518
22,0.3602927582150701,63.182629772225006,10.128278921194973
23,0.765287765356328,63.94791753758133,8.130935260974109
24,0.6178503800565787,64.56576791763791,6.2260532329440625
25,2.4634700619657663,67.02923797960368,10.164694385965344
26,0.2724328044061504,67.30167078400983,12.20204048853889
27,0.47356352437103877,67.77523430838087,6.1877702112610695
28,1.3257673571626238,69.10100166554349,5.643800415377349
29,0.43755000086115536,69.53855166640464,6.197389058622894
30,1.2460958624286635,70.7846475288333,8.773967576980931
31,0.07189012683303608,70.85653765566634,10.017428926998889
32,1.7021242849237626,72.55866194059011,13.47062626823638
33,1.4130492296847614,73.97171117027487,13.5768397139672
34,0.6955217472479995,74.66723291752287,9.408559585867382
35,0.5278235959245434,75.19505651344741,5.284913696477719
36,0.2533778657603877,75.4484343792078,9.687076374772992
37,0.3968363889485863,75.84527076815638,12.74647553492424
38,1.6239140774320115,77.46918484558839,11.364042818733664
39,1.5688824180430838,79.03806726363148,14.33336295671588
40,0.598186140347704,79.63625340397918,13.254187216083572
41,0.37632847605933595,80.01258188003852,13.884062250025625
42,3.8428370317225204,83.85541891176105,14.65180456870652
43,0.1648378203308672,84.02025673209192,7.033564681922309
44,0.7231574157049407,84.74341414779687,13.679937012314749
45,1.8176686669490312,86.5610828147459,9.444691868427919
46,3.7619244226726667,90.32300723741857,7.060437147865359
47,1.2886074442109763,91.61161468162955,13.65174610040294
48,0.737980688838184,92.34959537046772,12.45966674156141
49,0.6790756842293794,93.0286710546971,13.367238940697185
50,2.194292849155565,95.22296390385266,12.404114660931757
51,3.043451710416318,98.26641561426898,5.104394346469128
52,0.7081778774765733,98.97459349174555,10.970004049532323
53,2.589999673227488,101.56459316497303,12.19359241773123
54,4.24748357769963,105.81207674267266,9.565547110090087
55,0.060185346549790755,105.87226208922245,5.337428280036784
56,1.3503138912440928,107.22257598046654,5.399267295203499
57,1.321616796056793,108.54419277652333,5.43205193582343
58,0.5177867294901198,109.06197950601346,6.838428980853498
59,0.22304437527616014,109.28502388128962,6.720137856414055
60,0.1143404605366589,109.39936434182627,14.99975359602366
61,0.04867075506478933,109.44803509689106,13.610088228691486
62,0.1320795469898273,109.58011464388089,12.129423840189379
63,0.34610003842540776,109.9262146823063,12.935127649663889
64,1.0093395156022407,110.93555419790853,13.47814819506243
65,1.6242104819872498,112.55976467989578,12.751670148326495
66,3.6094106699519726,116.16917534984775,8.280448685491914
67,2.478455611721814,118.64763096156956,8.62183202756127
68,0.9785387554908558,119.62616971706042,14.437519518118094
69,0.20029355270569607,119.82646326976612,9.141001823312322
70,0.021315560608022373,119.84777883037414,6.542227600182928
71,0.1316504384429112,119.97942926881706,7.412774656161205
72,0.18831822923802105,120.16774749805508,8.371617392799848
73,0.27503350012008465,120.44278099817517,14.864591563256864
74,0.864563031108704,121.30734402928387,13.33541528227397
75,0.5335515227739687,121.84089555205783,9.333682882636015
76,0.5296276551402815,122.37052320719812,6.677341515432028
77,0.15963997293010232,122.53016318012823,14.914981767370085
78,2.68088789273522,125.21105107286344,7.915784141967207
79,0.07449461276080735,125.28554568562424,7.943088107585653
80,1.4761009661020053,126.76164665172625,5.474633414683069
81,1.9638402400227435,128.725486891749,9.130760473578345
82,0.45384730434507975,129.1793341960941,9.353913954865892
83,1.130157010353655,130.30949120644775,11.716771578193157
84,1.5675799414636957,131.87707114791144,9.037639253605516
85,0.12682234662584757,132.0038934945373,9.65979795421812
86,1.70613197191441,133.7100254664517,5.662240874185703
87,0.480712407736152,134.19073787418785,5.047537412268292
88,0.007241683026757081,134.1979795572146,9.540237499921627
89,0.24508774092626448,134.44306729814087,5.39789189304593
90,3.46019234236411,137.90325964050498,14.737378527369358
91,0.6643057579261944,138.56756539843119,6.774565536739504
92,0.542446755965045,139.11001215439623,9.104299852216158
93,0.28736849119727204,139.3973806455935,14.641546546996265
94,1.1315210310501183,140.5289016766436,8.531192465888891
95,2.3514534524357504,142.88035512907936,8.925422900691505
96,0.5039438935640651,143.38429902264343,5.526107562872125
97,0.14595464218501528,143.53025366482845,14.641208207254696
98,2.5278046675219294,146.05805833235038,12.154361612422274
99,1.040155862376935,147.09821419472732,14.35255138092016
100,2.0063033938350627,149.10451758856237,14.636162888942977
101,0.46024151461700696,149.56475910317937,7.302245484511909
102,0.010669056547859974,149.57542815972724,5.05559225003098
103,0.4805708557199454,150.05599901544718,13.067947008034592
104,0.7798832404273244,150.8358822558745,12.401448137754643
105,1.226287254112442,152.06216950998694,12.346534461768128
106,2.3754507400630853,154.43762025005003,10.718958293887194
107,0.33211164745978344,154.7697318975098,5.208434926521054
108,1.1354148961651673,155.905146793675,9.169649367934984
109,0.6332881563625098,156.5384349500375,11.300261753562133
110,0.5389964620236228,157.07743141206112,11.808959289653608
111,0.6230848973263531,157.70051630938747,8.082116276496315
112,2.823764072455136,160.5242803818426,7.636419310088192
113,1.6290011144278456,162.15328149627044,7.566992464731904
114,0.4707559927576863,162.62403748902813,14.572621211299976
115,0.12984945496350286,162.75388694399163,6.086246924716114
116,0.46655724543272425,163.22044418942434,5.43896643427185
117,0.22166200707427466,163.44210619649863,11.296612341644765
118,3.0196143984720485,166.46172059497067,14.381175427645648
119,2.57655106140193,169.03827165637261,7.021276677874778
120,0.09161989414907397,169.12989155052168,5.695149778008518
121,0.6111558368583818,169.74104738738006,11.982690672386294
122,3.21204081238213,172.9530881997622,13.241966981655834
123,0.41137113576125844,173.36445933552346,8.662329455940982
124,1.4228989438873492,174.78735827941082,10.127280742397085
125,4.9583393070897195,179.74569758650054,7.787722090492934
126,1.1509681316717606,180.8966657181723,6.272525865122585
127,0.6250568134933856,181.5217225316657,12.810327654084322
128,4.30121298957457,185.82293552124025,11.588899510666772
129,11.300806242385518,197.12374176362576,7.447708583281506
130,0.6207708417060038,197.74451260533175,10.694147160971369
131,34.15141598476276,231.8959285900945,13.22375788932369
132,7.230516756988669,239.12644534708318,12.39237418799898
133,2.6599025357340524,241.78634788281724,10.202661756512317
