1,0.0,0.0,4.749015873497717
2,0.0,0.0,4.881600528286127
3,0.0,0.0,6.8078824036439265
4,0.0,0.0,6.727398438888889
5,0.0,0.0,6.752646875825528
6,0.0,0.0,5.167559507999533
7,0.0,0.0,6.261278698550811
8,0.0,0.0,5.936412862302609
9,0.0,0.0,5.649084696169938
10,0.0,0.0,5.023350210554616
11,0.0,0.0,6.39854895679859
12,0.0,0.0,6.572353936028273
13,0.0,0.0,3.43350642023106
14,0.0,0.0,3.443994982455871
15,0.0,0.0,6.1446442272558315
16,0.0,0.0,4.617813174627136
17,0.0,0.0,6.763958340388412
18,0.0,0.0,4.142048647171292
19,0.0,0.0,6.958855006253321
20,0.0,0.0,6.570356109557542
21,0.0,0.0,3.260138607147896
22,0.0,0.0,4.7113740143721765
23,0.0,0.0,3.4274462315093577
24,0.0,0.0,6.355861587900316
25,0.0,0.0,6.067411281322194
26,0.0,0.0,3.4355124646951514
27,0.0,0.0,4.64566915868144
28,0.0,0.0,6.823642422654774
29,0.0,0.0,6.814855609138593
30,0.0,0.0,3.828903226155809
31,0.0,0.0,4.088403302609042
32,0.0,0.0,5.235770041948795
33,0.0,0.0,5.9059768891252045
34,0.0,0.0,3.1101857976499705
35,0.0,0.0,4.8830811304558015
36,0.0,0.0,5.193875298713892
37,0.0,0.0,4.708159609405303
38,0.0,0.0,4.782487546086509
39,0.0,0.0,3.8656435257652255
40,0.0,0.0,5.083698070566546
41,0.0,0.0,5.739363324007446
42,0.0,0.0,3.0971872551421673
43,0.0,0.0,3.0571434699328575
44,0.0,0.0,4.659487320881409
45,0.0,0.0,6.082387139699407
46,0.0,0.0,3.631418829162574
47,0.0,0.0,5.045602059296466
48,0.0,0.0,5.688604531845047
49,0.0,0.0,6.056746052793482
50,0.0,0.0,3.8541070972997735
51,0.0,0.0,6.387813607731891
52,0.0,0.0,4.320782612788829
53,0.0,0.0,4.319246157052607
54,0.0,0.0,3.0882712552160676
55,0.0,0.0,6.034095054537383
56,0.0,0.0,6.844363713254793
57,0.0,0.0,3.838932905421483
58,0.0,0.0,5.9744267161275575
59,0.2577193245082306,0.2577193245082306,5.1865280840853005
60,1.0431789582507065,1.300898282758937,3.3611234441420423
61,0.39721868471829697,1.698116967477234,6.877092938775155
62,0.02398346697428083,1.722100434451515,5.0964794562140145
63,0.46134817683919,2.183448611290705,3.2196990221077795
64,1.2032178441377084,3.386666455428413,4.820223279729968
65,0.7241524461009334,4.110818901529346,6.087097169547253
66,0.893619180785967,5.004438082315313,6.475645374434828
67,0.1610884205439141,5.165526502859227,3.1295832253808866
68,0.5737234171887234,5.739249920047951,6.728243395802969
69,0.731271751348823,6.4705216713967735,5.644872598820058
70,0.2909070444754629,6.761428715872237,5.767952087286473
71,1.1738070964786325,7.935235812350869,3.2682391689258785
72,0.2617275297160958,8.196963342066965,4.441354122641181
73,0.568593555014632,8.765556897081597,3.280118961897785
74,0.12092044842139511,8.886477345502993,6.236836844491858
75,0.5454547870413449,9.431932132544338,5.641236269876982
76,0.1037051825908333,9.53563731513517,6.703102258577071
77,0.1501720552278383,9.685809370363009,4.615750766808078
78,0.05368105630924778,9.739490426672257,6.471925942719517
79,0.10445578934240905,9.843946216014666,6.248165827964447
80,0.9000843105496305,10.744030526564297,4.9834301929132385
81,0.2572048848735991,11.001235411437897,5.396412984100204
82,0.07621056528881125,11.077445976726707,4.122125503516198
83,0.6324507479324083,11.709896724659115,3.2429020316395945
84,1.0313832340326219,12.741279958691738,6.636754537329885
85,1.3951453063564863,14.136425265048224,3.2292851186608607
86,0.31024571640149967,14.446670981449724,5.322277542043688
87,0.3498629800786076,14.796533961528333,6.059483746824906
88,0.933956842220354,15.730490803748687,6.772038042903674
89,0.35284203025901334,16.0833328340077,4.7753203443996926
90,0.06899985427594287,16.152332688283643,3.8769024075584713
91,0.2414080986408418,16.393740786924486,3.918699848797791
92,0.17168455571513463,16.56542534263962,5.706932066356062
93,0.09651011614012917,16.66193545877975,3.8152678583696
94,0.01411858650770132,16.676054045287454,5.422504576116642
95,1.1257686762859496,17.801822721573405,4.540427935141389
96,0.7570110710981448,18.55883379267155,3.982402859436745
97,0.47631423582971094,19.03514802850126,3.627782366066879
98,0.030586415421101253,19.065734443922363,5.454868601155518
99,0.5180800818697197,19.583814525792082,3.174108629779313
100,0.7473281610441699,20.33114268683625,5.938364736709876
101,0.3716477698915168,20.70279045672777,3.6671348376300337
102,0.04057324718576433,20.743363703913534,5.801303021076842
103,0.2805495544509924,21.023913258364527,3.2313577546710888
104,0.09346624334095824,21.117379501705486,6.329555159154725
105,0.5032771790732062,21.62065668077869,6.202653189000516
106,0.2232292881813951,21.843885968960087,6.345625130878399
107,0.5178357602358339,22.36172172919592,6.611456479589576
108,0.04669597897536527,22.408417708171285,3.363643432221564
109,0.19321463394809477,22.60163234211938,5.909676530164372
110,0.3702690250059885,22.97190136712537,4.074859504087036
111,1.0336165734986875,24.005517940624056,3.642080810641092
112,0.27957352203693087,24.285091462660986,4.907342074920656
113,0.22779683313278953,24.512888295793775,6.9903336742850755
114,0.1489271883078276,24.661815484101602,3.577976227778826
115,0.02273344577806828,24.68454892987967,4.994066075194642
116,0.8379833215901058,25.522532251469777,4.060679732550673
117,2.0323012824447924,27.554833533914568,4.093433395698375
118,1.989166455155155,29.54399998906972,5.929889851800176
119,0.3339308779651244,29.877930867034845,3.002318458088416
120,0.04545515762126529,29.92338602465611,3.2327201743469423
121,0.13181501277105817,30.055201037427167,6.216473836563992
122,0.5219160032431919,30.57711704067036,6.154568616656548
123,0.08422054157318878,30.661337582243547,6.973569913818041
124,0.38126134756669067,31.04259892981024,3.274533401684162
125,0.021507280910177253,31.064106210720418,4.513341090802379
126,0.06167195650454019,31.125778167224958,6.39296067466399
127,0.32092361892331384,31.44670178614827,3.0789764542320204
128,0.19510999151246702,31.641811777660738,6.479369400516187
129,0.03157750660764386,31.67338928426838,3.6739405798728955
130,0.8425736221149693,32.51596290638335,3.002933112144967
131,0.5253799611695935,33.04134286755294,5.820832882370535
132,0.17743958394073947,33.21878245149368,3.1870226806909634
133,0.5234976958257433,33.74228014731943,5.8296747140422465
134,0.6443941685484268,34.38667431586785,4.647006119345185
135,0.460285575608544,34.846959891476395,3.725754441960744
136,0.3056599903581584,35.15261988183455,3.706071540856626
137,1.645225296629727,36.79784517846428,3.537882910538159
138,0.018248779450513588,36.816093957914795,6.572908435813527
139,0.6675453062616307,37.483639264176425,3.2148047130246713
140,0.002420355757657583,37.48605961993408,6.542026906795588
141,1.0917620718419707,38.57782169177605,6.33452822637401
142,0.06059723773849922,38.63841892951455,3.193782913567594
143,1.0737436026347356,39.712162532149286,6.2581312301358345
144,0.5506370683168615,40.262799600466145,3.862373800067358
145,0.19061291918118065,40.45341251964732,6.474567076703629
146,0.7341922274800239,41.187604747127345,3.063103370199832
147,0.4192490697362058,41.60685381686355,5.882945301460203
148,0.1741232206551247,41.780977037518674,3.3747069554128704
149,0.8274294701134888,42.60840650763216,3.386037210257105
150,0.130201959685457,42.73860846731762,5.793448007903172
151,1.3952650825198183,44.13387354983744,5.74751111343522
152,0.2804300001247834,44.41430354996222,6.3841885045374465
153,0.4840444637760536,44.89834801373827,4.794969192016312
154,1.9178426450604296,46.8161906587987,3.1083722888484724
155,0.2826282015054002,47.09881886030411,5.086037980497814
156,0.12840030035929326,47.2272191606634,5.098152662475299
157,0.122329837460888,47.34954899812429,6.904808109161289
158,0.1381328875626036,47.4876818856869,3.80661537192709
159,0.003716481566734307,47.49139836725363,3.0469475302100064
160,0.9153315062993195,48.40672987355295,4.793563845019957
161,0.2790756487588752,48.685805522311824,6.5582745165952545
162,0.0033537050614701196,48.689159227373295,5.837605652084112
163,0.05897654471660307,48.748135772089896,4.464307814113594
164,0.29281966329628734,49.04095543538618,4.8127313147019475
165,0.07223669761490424,49.113192133001085,4.912182038855242
166,0.005036793560191403,49.11822892656128,3.4356123219058112
167,0.7216369570657225,49.839865883627,3.9233647840259347
168,0.034895160728388844,49.87476104435539,6.823854382043542
169,0.02908219064312266,49.90384323499851,5.256246124681001
170,0.9343370096183828,50.83818024461689,4.2694970764365525
171,0.08946152174777888,50.92764176636467,3.429884757790247
172,0.822496259304759,51.75013802566943,4.050429129282791
173,0.7479214939521543,52.498059519621584,6.684996359344588
174,0.42170101049772535,52.91976053011931,4.4259228195184095
175,0.02746891277194279,52.947229442891256,4.328019444268436
176,0.5603062061991528,53.50753564909041,3.080873913489492
177,0.2783660737777394,53.78590172286815,5.399989585087981
178,0.030827203582448864,53.816728926450594,5.862384787191407
179,1.0842970985362799,54.90102602498688,6.496425138243554
180,0.6681912320244043,55.56921725701128,6.117192789148442
181,0.2827402850399,55.85195754205118,3.9838023758871905
182,0.7969041058422561,56.64886164789344,5.971628747695714
183,0.650588916719217,57.299450564612656,3.501609238868646
184,1.2222997477678568,58.52175031238051,3.232583398495898
185,0.5391251354437393,59.06087544782425,6.1122523408036855
186,0.15987007850977417,59.22074552633403,3.404292961502584
187,0.02305533218205516,59.24380085851608,5.131465530405086
188,0.4605961088798538,59.70439696739594,4.195470879044597
189,0.04975616219617876,59.75415312959212,5.244455005782305
190,1.1429015856919593,60.89705471528408,3.703957385810208
191,3.0142523754263175,63.911307090710395,5.247240849726456
192,2.5744590708880684,66.48576616159846,4.334748248115037
193,0.5524936252297943,67.03825978682826,6.012005800669107
194,0.37533116939786587,67.41359095622613,6.009064792978375
195,6.278961747205618,73.69255270343174,3.5975598145745393
196,10.772417658903066,84.46497036233481,3.051436537969315
197,3.4973846753678846,87.9623550377027,3.7141271861925436
198,2.975321015370472,90.93767605307316,5.876514159850539
199,6.7369840192608,97.67466007233396,4.21495473811952
200,4.108707885273477,101.78336795760744,5.460681549365525
201,1.5488839636866123,103.33225192129404,3.624872448229136
202,4.838657399004042,108.17090932029808,4.974329277493776
203,17.267215683436913,125.438125003735,5.622128640509276
204,2.7410564067811176,128.17918141051612,3.5568023764401313
205,1.9979051949936082,130.17708660550974,4.638738605033614
206,10.352775952413452,140.5298625579232,5.6571316094863615
207,3.54943736651966,144.07929992444286,4.013195077893877
208,9.509807799856615,153.58910772429948,6.603552016432092
209,9.306659458570646,162.89576718287012,5.411187299060355
210,5.193551790511954,168.08931897338206,5.299568778891151
211,20.78576810472201,188.87508707810406,6.531681438239004
212,0.04745390713860981,188.92254098524268,6.753908465104555
213,2.3260747592819584,191.24861574452464,4.235967264024493
214,0.7665881586393898,192.01520390316404,4.0978595340091495
215,6.724165259343881,198.73936916250793,6.712139087095186
216,5.284745679233003,204.02411484174092,3.5845960974904574
217,0.20265708676189553,204.2267719285028,3.6704163698770036
218,1.5446002189511099,205.77137214745392,4.044705550261198
219,8.203799581269868,213.97517172872378,5.138538442859044
220,4.345166174065373,218.32033790278916,4.086576503019197
221,5.477268791044265,223.79760669383342,3.7349025266853877
222,0.9812810461622494,224.77888773999567,4.614163271404136
223,4.624210382122481,229.40309812211814,5.8093435526030595
224,3.8780527137860945,233.28115083590424,6.700001730763503
225,0.9213250035986896,234.20247583950294,5.7111252068492755
226,4.868987484577152,239.0714633240801,6.582655757834678
227,0.3506403802687624,239.42210370434887,5.93924294027351
228,0.15688707176564173,239.57899077611452,6.300178515325834
229,4.014077449327468,243.59306822544198,3.0343957130306096
