1,0.0,0.0,5.720114049490057
2,0.0,0.0,6.546384908840112
3,0.0,0.0,6.036585186067646
4,0.0,0.0,6.482064528353986
5,0.0,0.0,6.800365866807094
6,0.0,0.0,3.7439360692854238
7,0.0,0.0,4.026129019811362
8,0.0,0.0,4.125884776531443
9,0.0,0.0,3.8658510163353546
10,0.0,0.0,5.618322030937791
11,0.0,0.0,3.6136714726624164
12,0.0,0.0,5.646258464233216
13,0.0,0.0,4.631235077113984
14,0.0,0.0,6.82609292932896
15,0.0,0.0,3.6252161733814816
16,0.0,0.0,4.035265116844302
17,0.0,0.0,3.809456289422332
18,0.0,0.0,6.191142686823226
19,0.0,0.0,4.61247508259393
20,0.0,0.0,6.852874303847855
21,0.0,0.0,6.728137749222869
22,0.0,0.0,4.395868475727898
23,0.0,0.0,5.312821542815719
24,0.0,0.0,5.97243516840264
25,0.0,0.0,3.1834759377507287
26,0.0,0.0,5.927332700027028
27,0.0,0.0,4.673094597794991
28,0.0,0.0,4.4472183600903
29,0.0,0.0,4.179786831294866
30,0.0,0.0,3.734051421945909
31,0.0,0.0,4.692289648004403
32,0.0,0.0,6.780988970458333
33,0.0,0.0,4.917458697070527
34,0.0,0.0,5.372831678086497
35,0.0,0.0,6.401835086593844
36,0.0,0.0,3.4025432081173803
37,0.0,0.0,3.505369419862508
38,0.0,0.0,5.261398210055718
39,0.0,0.0,6.8186959282257344
40,0.0,0.0,5.643459806601557
41,0.0,0.0,5.747872913616469
42,0.0,0.0,4.285679911197519
43,0.0,0.0,3.9285444206706144
44,0.0,0.0,5.680061570070103
45,0.0,0.0,3.6251260777054557
46,0.0,0.0,6.1268008671190035
47,0.0,0.0,5.288437212659748
48,0.0,0.0,6.4961613686211095
49,0.0,0.0,5.350844778633008
50,0.0,0.0,3.876732463790314
51,0.0,0.0,4.82974999781497
52,0.0,0.0,5.136112434233972
53,0.0,0.0,4.381562551023844
54,0.0,0.0,4.0490180534924125
55,0.0,0.0,5.155903207676754
56,0.0,0.0,4.506314214687503
57,0.0,0.0,3.8069692250849965
58,0.0,0.0,6.853112037900347
59,0.0,0.0,5.150227482392472
60,0.0,0.0,3.7619142891976005
61,0.0,0.0,5.436195568651134
62,0.0,0.0,5.766113305746419
63,0.0,0.0,6.226305456156535
64,0.0,0.0,5.454344075950561
65,0.0,0.0,3.6721676695700354
66,0.0,0.0,4.847077658127782
67,0.0,0.0,4.745098228529043
68,0.0,0.0,5.89011912024063
69,0.0,0.0,3.614098387440946
70,0.0,0.0,3.9347121567113192
71,0.0,0.0,5.63379985502138
72,0.0,0.0,6.484527431790062
73,0.0,0.0,6.600092436950664
74,0.0,0.0,4.115363261440269
75,1.257370482176034,1.257370482176034,6.726769065500845
76,0.3606435817530678,1.6180140639291019,4.970114652714159
77,0.06661010116205436,1.6846241650911562,4.707633308999533
78,0.25940675368073574,1.944030918771892,3.1456491925594774
79,0.5579328791449677,2.5019637979168596,6.221870159383888
80,0.46178751527075407,2.963751313187614,3.2169681595365573
81,0.04776320644170918,3.011514519629323,6.925753280095736
82,1.2078442271693897,4.219358746798713,3.4775725561580506
83,0.2120386142074843,4.431397361006198,4.947242038089174
84,0.1036404755348957,4.535037836541093,6.912945950282163
85,0.0855902164150717,4.620628052956165,6.2743387037405585
86,0.6431999593872083,5.263828012343373,6.632366431748981
87,0.09550649077380115,5.359334503117174,5.280967005456637
88,0.05401854978903876,5.413353052906213,4.883775161643738
89,0.8127417393389911,6.2260947922452035,3.5854178691326797
90,1.3032470172791104,7.529341809524314,3.1316764324816755
91,0.2147821264507819,7.744123935975096,3.83545468528622
92,0.2855743943039854,8.02969833027908,6.781859392526037
93,0.6772918694096736,8.706990199688754,5.116193969677642
94,0.028618778699718406,8.735608978388472,6.984833229467261
95,2.2483935559299293,10.984002534318401,5.2592442877713275
96,0.10327899825850771,11.08728153257691,6.268797995001013
97,0.2618485024167862,11.349130034993696,3.031339764408413
98,0.12361478019435032,11.472744815188046,4.541777296174802
99,0.19603088416716039,11.668775699355207,3.6814059313501777
100,0.704775542362831,12.373551241718038,6.893439227917436
101,0.3235675447727395,12.697118786490778,4.9433628866149295
102,0.9584918368309113,13.655610623321689,4.863888640847717
103,0.24608544043757125,13.90169606375926,3.2937364941601275
104,0.19674294680240095,14.09843901056166,5.269029300756346
105,1.2079233088416332,15.306362319403295,3.225104629718294
106,0.05116490539819842,15.357527224801494,6.5640660587449755
107,0.044679994743958534,15.402207219545453,5.222013607785199
108,0.0027620128574799094,15.404969232402932,4.8010422196616425
109,1.4084222456009332,16.813391478003865,6.2577461702672
110,0.2623341458123027,17.07572562381617,3.239254078958377
111,0.14251590669100556,17.218241530507175,5.247644325721083
112,0.8088654378579786,18.027106968365153,6.485451679107652
113,0.39725547119018095,18.424362439555335,4.447412934459527
114,1.1583396524809544,19.58270209203629,3.671188778315793
115,0.5704000999509244,20.153102191987212,3.0088079127984413
116,0.21896863358060392,20.372070825567818,4.11018089132087
117,0.047056435157269656,20.419127260725087,5.545723135511056
118,0.1152408534829567,20.534368114208043,3.2661356285405074
119,1.067536029467218,21.60190414367526,3.3411820661302043
120,0.024726239892631514,21.626630383567893,5.986110695830265
121,0.7110039328116657,22.337634316379557,4.946261506146136
122,0.20597066016121104,22.543604976540767,6.220374797618112
123,0.22409844111960253,22.767703417660368,5.278727579433814
124,1.4122960265483715,24.17999944420874,4.5825993054965295
125,0.38206015291017714,24.562059597118918,6.40776295765059
126,0.2870001093187685,24.849059706437686,4.9244371135425276
127,0.7601992058381524,25.609258912275838,5.430655989048625
128,0.4090366881012275,26.018295600377066,5.139495110807493
129,0.3074033262366581,26.325698926613725,6.810831953413608
130,0.03654693238959723,26.362245859003323,5.786783537960275
131,0.47350045584356315,26.835746314846887,5.906801429804842
132,0.8434913234558964,27.679237638302784,4.7550113910581695
133,1.5480211687706573,29.22725880707344,4.76351364293161
134,0.06506323023193734,29.29232203730538,4.372642873149515
135,0.36502184425517253,29.65734388156055,4.452242922351191
136,0.2122914543466978,29.869635335907248,6.036615215672196
137,0.8954171683063721,30.76505250421362,6.482718140542488
138,0.4993217292900148,31.264374233503634,5.194886567294016
139,0.43515511284020564,31.69952934634384,5.2989160015795225
140,0.0494685359360375,31.748997882279877,6.549663282675911
141,0.3236354461713001,32.072633328451175,5.0564560143146275
142,0.7987643217663294,32.8713976502175,6.861128959729378
143,0.109212570928016,32.98061022114552,6.340674889966289
144,0.21423131687108182,33.1948415380166,3.3942920761648807
145,0.08722203140278811,33.282063569419385,6.3289910062498835
146,0.8340626657566325,34.11612623517602,4.521001187258394
147,1.0524436068139826,35.16856984199,5.464204968678238
148,0.15995589007605052,35.32852573206605,5.957304775839578
149,0.03474799930695185,35.363273731373,5.258618725472639
150,0.627449044908496,35.990722776281494,4.447073784948117
151,0.5033869308060003,36.494109707087496,5.280447125488424
152,0.307433331038319,36.801543038125814,5.1697522594184875
153,0.17094500819764127,36.972488046323456,3.696257800296171
154,0.38628750565190506,37.35877555197536,3.4764333659457436
155,0.5007978432672335,37.8595733952426,4.568327504625765
156,0.047769856468428774,37.907343251711026,4.955671520907853
157,1.0789330109240467,38.98627626263507,4.555493739720022
158,0.17601852503557086,39.162294787670646,6.064390111065256
159,0.6016538772670049,39.76394866493765,3.3378125920976554
160,0.34053203629961293,40.104480701237264,3.373341142530436
161,0.3022423676272005,40.406723068864466,4.953312047052744
162,0.8618508655254549,41.26857393438992,3.6251399337442716
163,0.2606282906618834,41.529202225051804,5.958593913264062
164,0.1019933777997348,41.63119560285154,3.9084217667883334
165,0.2137898676665668,41.84498547051811,4.709612979654607
166,0.4025727354736564,42.247558205991766,6.763451515380166
167,0.3515324803837584,42.599090686375526,6.425653657867713
168,0.11896148632714851,42.71805217270268,5.648274864133182
169,0.49390510252718905,43.211957275229864,3.1597225159119606
170,0.395963686244071,43.60792096147394,3.8741129766906086
171,1.5063348018596492,45.11425576333359,5.110899432661999
172,0.8010654009967283,45.915321164330315,5.073241681206345
173,0.1931660810017973,46.108487245332114,3.384054219455355
174,0.4739055466109109,46.58239279194302,6.999061863211077
175,0.31633853522425365,46.898731327167276,6.960669737757671
176,0.08912194442433444,46.98785327159161,6.683457615863347
177,0.2972666669240696,47.28511993851568,5.68227147136772
178,0.4638836145665561,47.74900355308223,5.139766457914442
179,0.36539586205094204,48.11439941513317,4.205725585896364
180,0.9093357214810076,49.02373513661418,6.5634341503066
181,0.5588880542665358,49.58262319088071,5.3809032703226665
182,2.5436522019226175,52.12627539280333,3.2336226165121054
183,0.212331969610373,52.338607362413704,6.122470973545797
184,0.47338877210917335,52.81199613452288,6.441136303752776
185,0.0367926689412833,52.84878880346416,4.401877814556839
186,0.16765777418276648,53.016446577646924,4.806679512521363
187,0.11554674521178487,53.13199332285871,4.022397715046443
188,1.7266001736123684,54.85859349647108,3.2965194532564266
189,0.13791811425284228,54.99651161072392,4.278004393678621
190,0.29924327970579306,55.29575489042971,3.3325319256580244
191,0.20627394546188052,55.50202883589159,6.490072157643394
192,0.03420355885999587,55.536232394751586,4.9991538608793045
193,0.5793565117031579,56.11558890645475,5.612498366980489
194,0.6273222979782639,56.742911204433014,6.4364792974788045
195,0.015445173591190704,56.7583563780242,6.031319470407979
196,2.4984330428422723,59.256789420866475,6.340659012155264
197,0.4415416100780927,59.698331030944566,3.467368242256459
198,0.6956015501280338,60.3939325810726,6.318826283440913
199,1.3231541481040106,61.71708672917661,4.392719911191344
200,3.755951219790024,65.47303794896663,4.5180667768826925
201,24.788491828791827,90.26152977775845,3.614748443040969
202,13.971636801062006,104.23316657882046,5.895511067837101
203,1.991652276378602,106.22481885519906,5.300869407760173
204,1.1546863298747652,107.37950518507382,4.966075836258174
205,1.019753003078472,108.3992581881523,5.667512717554592
206,2.21380124469923,110.61305943285153,4.4699769263659626
207,12.103302892421265,122.7163623252728,6.058745348075073
208,2.3180051225640956,125.0343674478369,6.668191674897836
209,4.180128404418103,129.214495852255,4.678374357804517
210,12.791616706010561,142.00611255826556,6.745205936113358
211,4.066130555915479,146.07224311418105,4.636018629093805
212,4.021620956581664,150.09386407076272,5.597347482512472
213,25.886390786520078,175.9802548572828,3.0920269595552985
214,9.38449338048522,185.36474823776803,3.6623352309446857
215,5.615824803557164,190.9805730413252,4.9325562829526115
216,4.1664373734001545,195.14701041472534,3.7546583467821026
217,2.2575117125752024,197.40452212730054,5.693112977504832
218,5.241788509719127,202.64631063701967,5.843022500441524
219,1.7272411667844292,204.3735518038041,3.150872927915167
220,8.722747722484442,213.09629952628853,6.652087706321853
221,17.323211996837763,230.4195115231263,5.257252640480041
222,19.244428249109223,249.66393977223552,5.7282091379645355
