1,0.04216091061527402,0.04216091061527402,10.859410419399683
2,6.355757515414153,6.397918426029427,7.390970668481339
3,1.6802706641858955,8.078189090215321,9.932766583925366
4,5.734112558833404,13.812301649048726,9.05697708999179
5,4.572582606534106,18.384884255582833,12.43829016248948
6,1.8291054018551494,20.21398965743798,8.528383108614065
7,3.3962919000352674,23.61028155747325,10.815523787255179
8,7.619145913112849,31.2294274705861,14.417834987738631
9,0.16854679940974907,31.39797426999585,14.914118916106545
10,0.6165222929828411,32.01449656297869,13.702179142642635
11,5.043551491860018,37.05804805483871,8.29258850553896
12,1.6092756014372789,38.66732365627598,14.192841065106553
13,2.034712470851398,40.70203612712738,14.077251324761752
14,6.257472866208438,46.95950899333582,5.880496151192535
15,3.4180604965990424,50.37756948993486,5.287222677490863
16,0.3619934498731059,50.73956293980796,14.5648190826908
17,3.994966699153842,54.7345296389618,5.855370729359064
18,7.6792091174291865,62.41373875639099,14.067972621481895
19,0.7116512548785812,63.12539001126957,5.254974475474655
20,0.22430755401649177,63.349697565286064,10.566032375455018
21,2.3818513218772903,65.73154888716336,10.637422402400807
22,0.46252294860358584,66.19407183576695,10.528286522008555
23,5.014854894789659,71.20892673055661,8.794285853100615
24,0.4117122908708121,71.62063902142742,8.388235742008288
25,0.3845326109904179,72.00517163241784,10.57370922058289
26,0.6747034584143337,72.67987509083217,8.123055432495551
27,0.7467380025325885,73.42661309336476,8.671559228963918
28,1.1656877697762853,74.59230086314105,14.493682577517076
29,0.15804709511193404,74.75034795825299,9.747410691568007
30,0.33947343321041656,75.0898213914634,10.842038361649099
31,0.3392572811453993,75.4290786726088,10.590817201862706
32,1.285029245068524,76.71410791767732,8.081942153187846
33,0.6963314600603236,77.41043937773765,11.706979958361748
34,0.3549899543595622,77.76542933209721,11.612382519786276
35,1.7436219170923584,79.50905124918957,5.51555100011066
36,0.545627872423486,80.05467912161305,13.518936965182432
37,0.7600390723646229,80.81471819397767,14.952357043679234
38,2.732715501178817,83.54743369515649,5.789310309341818
39,0.2075639305249074,83.7549976256814,11.325819189382873
40,1.4510638652581385,85.20606149093953,7.3023997615055265
41,0.4541966238749577,85.6602581148145,5.638172777616084
42,0.09571809197227331,85.75597620678677,10.430649346930894
43,2.394809216557374,88.15078542334415,8.546465213529093
44,1.310690921558998,89.46147634490315,5.542392109480021
45,1.1402719544242343,90.60174829932738,9.8451656381496
46,0.43014000654099754,91.03188830586838,9.969544032360853
47,0.21819862536811913,91.2500869312365,13.074838033589245
48,0.8169369868577705,92.06702391809426,14.601195249845142
49,3.215861929905133,95.2828858479994,7.816017321217521
50,1.9298521286720625,97.21273797667146,11.352672644363192
51,0.9479587946442487,98.16069677131571,9.562734542002206
52,1.7118554307714982,99.8725522020872,14.340270201515017
53,0.9386864650149994,100.8112386671022,8.750609691783648
54,0.8629219271826543,101.67416059428486,6.014633149191716
55,0.19930577607816283,101.87346637036302,8.65246469868401
56,0.31093950074028753,102.18440587110331,11.401066443385997
57,0.19658609374277172,102.38099196484607,11.184457601537641
58,0.3572440179628905,102.73823598280896,13.198139245956394
59,0.3508238791593019,103.08905986196827,7.792624355241387
60,0.444558123313783,103.53361798528205,13.780277557943737
61,0.12638805954213728,103.66000604482419,7.548969497029598
62,0.725371963998364,104.38537800882256,8.571886150276475
63,0.43533863499446024,104.82071664381702,5.7660802747165585
64,3.552002309769565,108.37271895358658,8.293219456468448
65,0.07744042035212523,108.4501593739387,12.881340965254765
66,1.5917609576178036,110.04192033155651,13.726921915774534
67,0.6809712804053162,110.72289161196183,10.336860382176846
68,3.042397746067347,113.76528935802918,6.790955890077526
69,0.7101467029995914,114.47543606102877,7.431980010204818
70,1.7677622762470084,116.24319833727579,10.441279989811523
71,1.050977889180031,117.29417622645582,7.7891947393329195
72,3.3000758195556266,120.59425204601145,11.549925659313207
73,1.1052742839068654,121.69952632991831,5.567930378327049
74,1.719573650125609,123.41909998004392,13.860482117243503
75,0.28919875140187784,123.70829873144581,6.006617182884632
76,0.9101697405594441,124.61846847200525,12.983836032894144
77,0.23620149866547643,124.85466997067073,10.514509173199624
78,0.1843218850102684,125.03899185568099,9.389818397809373
79,0.34026680038790175,125.3792586560689,9.0771990090937
80,0.606115858269343,125.98537451433825,13.19451375478283
81,0.170377778498015,126.15575229283627,5.043231065404918
82,0.0023088980520337933,126.1580611908883,10.449040962278499
83,0.3749534175946877,126.53301460848299,6.91508782958106
84,1.9514709799543757,128.48448558843737,9.757769659648435
85,0.06552843344047851,128.55001402187784,12.61445188096815
86,0.7699689011584968,129.31998292303635,11.149949009626628
87,2.4335261854801398,131.75350910851648,10.509357128700508
88,1.8918008468129466,133.64530995532942,6.698636940503838
89,0.3153966466797291,133.96070660200914,8.565257072843723
90,1.657510792295029,135.61821739430417,13.929381379850579
91,0.5935749661557552,136.21179236045992,5.579667074925948
92,0.47162779522363696,136.68342015568356,7.92781664870538
93,1.7045833047831267,138.38800346046668,9.36289743772673
94,2.0555350323093204,140.44353849277599,9.847555328177606
95,0.36195982096906193,140.80549831374503,8.453708178834354
96,2.334495889737298,143.13999420348233,8.989799654752781
97,0.05460823195625865,143.19460243543858,7.392010574462957
98,0.17611004031917407,143.37071247575776,6.833738397700531
99,1.8283908849984054,145.19910336075617,8.319279116465298
100,0.613617403909837,145.812720764666,11.633865676784648
101,1.2079852284634325,147.02070599312944,8.483610716074072
102,1.922890341897944,148.9435963350274,9.07805702719124
103,1.6342200828632296,150.57781641789063,14.293701533660062
104,0.7018776904908872,151.2796941083815,14.914985968335442
105,0.5766500316532294,151.85634414003474,9.423870202342082
106,0.6403144330970355,152.49665857313178,13.368786061701744
107,1.9674993256630275,154.4641578987948,5.557351231674704
108,1.9193753048828093,156.38353320367762,10.379067037183878
109,0.021308676126434802,156.40484187980405,10.918528177313096
110,2.088241072837085,158.49308295264115,12.933749996394447
111,1.7898902150838845,160.28297316772503,13.788484837193034
112,0.7437097176484408,161.02668288537348,8.336528423565378
113,1.6671892353948443,162.69387212076833,6.461551926597351
114,0.2797199439800292,162.97359206474837,10.30775101358832
115,0.1279330942193511,163.10152515896772,14.842088362262157
116,0.2888154020585845,163.3903405610263,12.408778782333428
117,0.5165657872131681,163.9069063482395,8.266793800464573
118,0.39348415803188747,164.30039050627138,8.172550235543396
119,0.05483294984380702,164.3552234561152,8.454592231165023
120,0.3781532448687456,164.73337670098394,11.971354558013314
121,1.7860520684785248,166.51942876946245,5.676972148294831
122,1.9580986319576201,168.47752740142008,10.142906917096846
123,0.4011900287041773,168.87871743012425,11.407759631962577
124,0.7349316431142053,169.61364907323846,6.002084173645942
125,1.3097972157690427,170.9234462890075,9.797045966855766
126,1.6747177050989783,172.59816399410647,6.91699828492203
127,1.9042291779048826,174.50239317201135,5.607136749050701
128,0.9237686515920175,175.42616182360337,11.297395716876995
129,0.41230397173800937,175.83846579534136,7.459391449305169
130,0.6359973245453713,176.47446311988674,13.58618347170276
131,0.767320677588733,177.24178379747548,5.657223562357617
132,0.03646729269376337,177.27825109016925,5.515452505187442
133,2.6083778180872432,179.88662890825648,6.450849260770727
134,0.29384677559883104,180.18047568385532,14.47951683052018
135,8.085994383262404,188.26647006711772,10.228838094318585
136,22.287494663456524,210.55396473057425,11.091299879126955
137,14.404276197582341,224.95824092815658,5.537871249055911
138,13.480745527679282,238.43898645583587,13.547800027633398
139,2.4509058040388703,240.88989225987476,14.107869217330956
