1,1.6093501862177497,1.6093501862177497,10.778378390731167
2,30.112946961272044,31.722297147489794,11.695521886216692
3,5.641961591509498,37.36425873899929,6.006738096422833
4,0.5663981155480871,37.93065685454738,14.265585947241203
5,7.810299240421907,45.740956094969285,8.130497841090225
6,7.982436294242282,53.72339238921157,10.184350427741485
7,8.258938505629335,61.9823308948409,12.408103385138755
8,0.22083490844107423,62.203165803281976,13.652470234784142
9,0.47878106996674685,62.68194687324873,14.331639671780193
10,1.5922616913011847,64.27420856454991,14.647406608000237
11,0.2513282320604694,64.52553679661038,6.993417490083356
12,0.9282546123729912,65.45379140898338,7.2563936368027075
13,0.7461050473256025,66.19989645630898,10.393431315981164
14,1.494346966531601,67.69424342284057,11.866612271052372
15,0.04725137523323843,67.74149479807382,12.219385828423817
16,0.8319506333496495,68.57344543142347,14.389662845946665
17,0.2494158296327724,68.82286126105623,14.895911877220145
18,0.5789504302986765,69.40181169135491,6.41088204922143
19,1.224620367360719,70.62643205871562,11.052772064212704
20,0.04046001760100307,70.66689207631663,11.0132981915196
21,0.7481968768320691,71.4150889531487,7.5250177803294935
22,0.06065085943767776,71.47573981258637,6.121851303459412
23,1.0429986508332894,72.51873846341965,11.362963374590219
24,0.9360835464152497,73.4548220098349,5.142605710286675
25,1.9138854451778904,75.3687074550128,6.545684930111772
26,2.0438678189979225,77.41257527401072,9.302626081106052
27,1.0333366537706696,78.4459119277814,5.687408225300333
28,0.1261785196185504,78.57209044739994,13.776177621664683
29,0.4803044097984671,79.05239485719841,11.873124774935324
30,1.09137087487011,80.14376573206852,7.842977421467564
31,0.5178478821440263,80.66161361421254,7.923658558956762
32,1.274714056298775,81.93632767051132,6.634353360001494
33,4.176844170647902,86.11317184115921,12.750396610774255
34,0.2584589803263004,86.37163082148551,9.394248167061937
35,1.004528290003108,87.37615911148862,12.624043948987152
36,1.933287839176705,89.30944695066532,7.376753079627338
37,0.4748555761380315,89.78430252680334,6.603809795488292
38,0.8536888226899637,90.6379913494933,6.188332663543226
39,0.28923220091131085,90.92722355040462,9.22275259423957
40,0.30228409164432873,91.22950764204894,13.946865070900925
41,0.249312975177586,91.47882061722653,11.586122857773782
42,1.5498750380413422,93.02869565526787,10.258298341100861
43,0.22884304254409396,93.25753869781197,8.05404092035239
44,0.8860470984560597,94.14358579626803,8.35689041061137
45,0.5245602152265894,94.66814601149461,6.395193571291636
46,0.5378288953045399,95.20597490679916,10.52849538762638
47,0.5690118288519818,95.77498673565114,11.98711397367547
48,0.14858153380939737,95.92356826946053,11.951359381808704
49,2.4637402805109128,98.38730854997145,14.568078675930826
50,1.5169066150677004,99.90421516503915,6.740450090983298
51,0.28248127701495035,100.1866964420541,8.119086426339594
52,0.6168372528908643,100.80353369494496,12.814997253663051
53,0.7139633830555354,101.5174970780005,9.72039481676852
54,0.24783350166063603,101.76533057966114,13.80799386451332
55,1.1244072163996548,102.8897377960608,5.6560685556776304
56,0.09336111216828281,102.98309890822908,14.863468818783051
57,1.9486294425271775,104.93172835075626,11.349687204019432
58,0.049116839524453844,104.98084519028072,5.967741231234576
59,2.0811004789657552,107.06194566924647,13.967411244697761
60,2.718380946004275,109.78032661525074,14.712948500817953
61,0.12499224772732168,109.90531886297806,11.168281278180991
62,0.375078600539744,110.2803974635178,7.6120765515497
63,1.4728961399565748,111.75329360347438,11.94829072056716
64,0.21049970138167612,111.96379330485605,14.60641776991228
65,0.43046120400089516,112.39425450885695,6.775672780673437
66,0.008798107745418166,112.40305261660237,12.917855789734572
67,0.21605037673091312,112.61910299333329,5.346521088799722
68,0.033545428878658794,112.65264842221194,7.315072516680802
69,0.78522900790538,113.43787743011733,9.615076346375606
70,0.20081960225298412,113.6386970323703,6.5939173997984755
71,1.3649633766147846,115.00366040898508,8.481638677901284
72,0.2727031226545676,115.27636353163965,12.769535079624918
73,0.3422426031471576,115.6186061347868,13.088419581506269
74,0.05130641945780523,115.6699125542446,14.625738007223518
75,0.14018093548580843,115.8100934897304,5.2251087512974586
76,1.3087072515823501,117.11880074131275,12.266989333914943
77,0.7256810409871459,117.8444817822999,12.23438903532621
78,0.32013592064366986,118.16461770294356,8.350952208840562
79,0.5060627840400193,118.67068048698358,8.55978915227671
80,1.0294656148363495,119.70014610181994,12.97660520989123
81,0.5772172824312362,120.27736338425117,10.28327590375488
82,0.674275841290262,120.95163922554144,6.1894270168331955
83,0.090592158783486,121.04223138432492,12.625515676784623
84,0.6973772657034168,121.73960865002834,5.840189383599231
85,0.6368493349484876,122.37645798497684,5.662727716310744
86,1.6543104182307178,124.03076840320756,13.976531024364128
87,0.6956730208513316,124.72644142405889,11.44746513975201
88,0.04518078083011259,124.771622204889,6.1754162327974536
89,2.2472818879142844,127.01890409280328,10.969231161657298
90,1.7475896466004772,128.76649373940376,10.74337721937871
91,1.17825932537303,129.9447530647768,11.472720339112172
92,2.039818319445491,131.98457138422228,6.432882613783572
93,0.2848780826828031,132.2694494669051,7.932093982709393
94,1.4657768735694021,133.7352263404745,13.629885838286054
95,2.859353372997869,136.59457971347237,14.827321433661098
96,0.1546516253801787,136.74923133885255,14.793786560784953
97,0.18137631347231603,136.93060765232488,9.375746908617327
98,5.078571378331605,142.0091790306565,8.71778530426213
99,1.9401609261177721,143.94933995677428,7.173434336827786
100,1.0254587071806809,144.97479866395497,6.716955099150546
101,1.8626688046311841,146.83746746858617,14.473511239206005
102,0.553423077300473,147.39089054588663,9.591359726763768
103,0.034076129465070076,147.4249666753517,5.161680137265135
104,3.037446705177324,150.46241338052903,8.097551095931133
105,1.5759233308542966,152.03833671138332,10.702451052473707
106,0.4684215620707825,152.5067582734541,5.67657426332453
107,3.2375550435773794,155.74431331703147,5.275299670550262
108,0.6871587698228272,156.43147208685428,7.31446628845683
109,0.20320671910103894,156.63467880595533,14.612913745973403
110,0.7270071133202639,157.3616859192756,10.875535334436812
111,0.5133915340845838,157.87507745336018,14.469968716142871
112,0.44362682029938605,158.31870427365956,7.037041781601342
113,0.21828045293679357,158.53698472659636,8.795982087176416
114,0.15459421217050406,158.69157893876687,9.01972779020588
115,1.7960352408096143,160.48761417957647,10.411161447876545
116,1.148235454146457,161.63584963372293,6.7943816726605
117,0.24337060771224486,161.87922024143518,13.155849474627066
118,0.11717053305232744,161.9963907744875,8.233552969153848
119,0.1915953553629719,162.1879861298505,14.509733691638173
120,1.4184807312008199,163.6064668610513,5.334185348329181
121,0.016625869375330782,163.62309273042663,11.423579844481486
122,0.32577041568572723,163.94886314611236,12.896860985817746
123,4.250673935152072,168.19953708126442,5.75842004596212
124,0.008317436089726724,168.20785451735415,12.045195093455757
125,0.13325552944650348,168.34111004680065,11.694024222645103
126,0.04036288621220075,168.38147293301284,8.966029013141288
127,0.16858657144544742,168.5500595044583,12.915378269896063
128,1.975210434427528,170.52526993888583,10.07152913117546
129,0.3296025406238037,170.85487247950962,9.551183300932198
130,0.5135049789806861,171.3683774584903,11.640993580942013
131,2.840301995860134,174.20867945435043,11.303582565813521
132,0.14484977088885695,174.3535292252393,6.248237609428143
133,0.6911595950088538,175.04468882024815,12.458310224948704
134,1.6552145769241318,176.69990339717228,14.040320685829627
135,0.06300649788445405,176.76290989505674,12.014109774825037
136,1.7226325626973065,178.48554245775404,13.04544912024554
137,0.15466467061020975,178.64020712836424,7.6159776811106035
138,0.9333197643646232,179.57352689272886,14.894278791159119
139,0.25767555299481676,179.83120244572368,6.538621181098455
140,0.33983869283614065,180.17104113855981,6.877535065324886
141,5.600939039039878,185.7719801775997,14.889025843728628
142,6.093273297385106,191.8652534749848,12.431258303841936
143,0.8217087015223787,192.68696217650717,14.936375847113418
144,0.4051799745038194,193.092142151011,9.845014967571855
145,1.6245114066347985,194.7166535576458,9.54135925717595
146,17.929948402169366,212.64660195981517,6.99775130004427
147,1.3468709499831966,213.99347290979836,8.911917997791615
148,0.26382987769293376,214.25730278749128,12.396531439397501
149,13.753600864768181,228.01090365225946,5.470189801667961
150,3.384589472408621,231.3954931246681,10.473708630336546
151,4.229641070987892,235.625134195656,7.095154911521523
152,5.005062137694618,240.6301963333506,10.648956443754331
