1,1.1497640971193366,1.1497640971193366,14.264556131648726
2,1.026996501755733,2.1767605988750693,9.775419845634922
3,5.251830169520878,7.428590768395948,10.329612608306476
4,6.37985058838049,13.808441356776438,14.756015022865958
5,0.42080472925377554,14.229246086030214,13.669424338492014
6,0.3841398149996353,14.613385901029849,5.771496061520894
7,1.7328988773199951,16.346284778349844,14.888745437201203
8,0.9723084465642994,17.318593224914142,14.409186300067104
9,2.038321840199369,19.356915065113512,8.549270286981251
10,9.15071893182866,28.50763399694217,14.613574384865025
11,3.7047935945578137,32.21242759149999,11.283837579004532
12,1.4356417179829994,33.648069309482985,7.871536764766219
13,0.480483439185038,34.12855274866802,14.827179877440566
14,10.92440849120518,45.0529612398732,7.272232012046956
15,5.027595740010522,50.080556979883724,8.964291318176738
16,3.0260411242004044,53.10659810408413,6.757270461761969
17,0.42917049998082935,53.535768604064955,12.04594016556514
18,7.654019240520553,61.18978784458551,6.573934676997332
19,0.5483423808019775,61.738130225387486,7.3157492434987805
20,0.3350286141396739,62.07315883952716,12.295280651229849
21,2.6341088174128497,64.70726765694,6.367602426644016
22,0.35843500367293274,65.06570266061294,9.495970137234796
23,0.5325615808202306,65.59826424143317,13.957253861441842
24,0.2675944284068304,65.86585866984,11.647822473765732
25,0.7478100142352005,66.6136686840752,5.264416600530335
26,3.7209958681900517,70.33466455226525,11.040375405061106
27,1.8757943903041514,72.2104589425694,11.488040563226958
28,1.1137272657887425,73.32418620835814,10.432797433462934
29,0.9054899274021819,74.22967613576033,10.877811265091383
30,0.9942893579701587,75.22396549373049,13.417864210363371
31,1.822686411484296,77.04665190521479,7.487547107705663
32,1.2489574600710818,78.29560936528587,7.650473710086572
33,0.2752039042079087,78.57081326949378,14.9273781281835
34,1.0599755988419903,79.63078886833577,12.356703315963035
35,0.89005285508975,80.52084172342552,14.66984585372039
36,0.30870267987411026,80.82954440329964,5.635676507432752
37,0.476524511815512,81.30606891511515,7.984205360896061
38,0.1088960700767264,81.41496498519187,9.142186080271413
39,1.5411794954180087,82.95614448060988,8.693808148296291
40,4.342116433824509,87.2982609144344,13.349714774025921
41,0.6011770609179189,87.89943797535231,6.805270840073282
42,0.012750261515560725,87.91218823686788,8.451291100176967
43,0.4992894756583013,88.41147771252618,7.14848285606256
44,1.0931379718942913,89.50461568442047,9.752775393682477
45,1.2975540428840897,90.80216972730456,9.030628486174239
46,0.8770836461749179,91.67925337347948,12.768714811019507
47,1.5479995240297693,93.22725289750925,8.786935104882907
48,1.247480629839368,94.47473352734862,10.215791737131141
49,0.7750272233112334,95.24976075065985,13.481562699033422
50,0.29923138492378315,95.54899213558363,9.867237515957818
51,0.5741159981238382,96.12310813370748,6.159625175375993
52,0.9969341529178988,97.12004228662538,14.857547990080528
53,0.2443773471937441,97.36441963381913,10.03009929342683
54,0.3541748004291744,97.7185944342483,5.189945686166544
55,0.33451240227619744,98.0531068365245,10.588137127445599
56,1.098658317349704,99.15176515387421,14.914359899886078
57,1.6302272980900132,100.78199245196423,9.966930091991149
58,1.9470424108925812,102.7290348628568,6.324267683892941
59,0.1103222435493631,102.83935710640617,5.9213598890424946
60,0.545039634659491,103.38439674106566,12.976397653866604
61,1.0835876599027565,104.46798440096842,14.10233893116277
62,0.3356752620728332,104.80365966304126,11.91712560053734
63,0.1663169625709444,104.9699766256122,13.5502917980713
64,5.0675566214628205,110.03753324707503,5.865449411603025
65,0.3547218525099403,110.39225509958497,13.527240849847864
66,1.824598695860855,112.21685379544583,10.935247888009734
67,0.1683970756624791,112.38525087110831,12.631636831539499
68,4.733089568880598,117.11834043998891,10.770169812516468
69,0.1845902026028615,117.30293064259178,8.922079785849117
70,0.06608884968749668,117.36901949227928,9.37728603046207
71,1.1310188208084577,118.50003831308774,5.2099545984726445
72,0.23697937587514295,118.73701768896288,13.627343850082038
73,0.6522962041335378,119.38931389309641,5.094982065742761
74,0.14363430728710333,119.53294820038352,5.203133520593067
75,0.5369698252171919,120.06991802560071,12.947909855946904
76,0.436375785491301,120.50629381109202,7.410481200961867
77,0.30771074197305126,120.81400455306508,5.7521450807143815
78,2.035906047389511,122.84991060045459,6.978252802023302
79,0.7415958256704198,123.59150642612501,8.80387963925709
80,0.953159075473035,124.54466550159805,5.622335062073218
81,3.048755155880251,127.5934206574783,11.059466591103515
82,0.7736115868305476,128.36703224430886,13.158058791327004
83,0.1067755533179005,128.47380779762676,9.17500538613384
84,1.193657260554779,129.66746505818153,12.654425307719134
85,1.7012235565098373,131.36868861469137,7.65857523531058
86,2.397259943547165,133.76594855823853,8.269496867001802
87,0.5060955620666154,134.27204412030514,6.951675833213539
88,0.7787204337644191,135.05076455406956,10.736981257682462
89,0.25107353766214296,135.3018380917317,8.426747251140903
90,3.1311018594644047,138.4329399511961,7.858162405856582
91,1.3507643029489407,139.78370425414502,6.8818758936135875
92,1.5668389225741797,141.3505431767192,9.936354150109242
93,1.0739198108482226,142.42446298756744,12.718262667081323
94,0.2716317530232764,142.69609474059072,6.904539557350184
95,1.633321123453959,144.32941586404468,11.127392742156832
96,2.266134721453097,146.59555058549776,12.305751259044584
97,0.37080481230499546,146.96635539780274,13.516686450398804
98,2.317413543125984,149.28376894092872,14.059247400396439
99,3.614124006926008,152.89789294785473,8.332626983034604
100,0.41581230768897043,153.3137052555437,7.8893884616924606
101,0.12310550588996924,153.4368107614337,12.201020468792095
102,2.776502526385699,156.2133132878194,14.130346212824263
103,0.7870357817362241,157.00034906955563,5.54227862315698
104,4.209011699308228,161.20936076886386,11.063353060744085
105,0.49352061105900247,161.70288137992287,11.689460506773806
106,1.047887797207018,162.75076917712988,10.457145075238454
107,2.9834273907813333,165.73419656791123,13.266100780781247
108,1.0847779373073345,166.81897450521856,13.308379547430054
109,0.017599776100683716,166.83657428131926,5.321556032426269
110,0.7421728119930893,167.57874709331236,9.44602168168661
111,0.7400994504221762,168.31884654373454,13.27220431781278
112,1.4342921583257136,169.75313870206026,8.66486310295095
113,8.998974593055641E-5,169.75322869180619,6.821275448044268
114,3.893616763520952,173.64684545532714,13.867070787389064
115,2.2400556425007823,175.88690109782792,12.407564149501
116,0.5267388955423594,176.41363999337028,7.490642639419769
117,1.265835349742419,177.6794753431127,11.248503718617258
118,1.4291180264889753,179.10859336960166,10.915677738788117
119,0.5893574774729202,179.6979508470746,13.46972251217167
120,2.712823395976364,182.41077424305095,8.253074581416655
121,3.0512307522554547,185.46200499530642,7.217844709139754
122,9.313354921781938,194.77535991708837,9.26114897657774
123,7.401051198750357,202.17641111583873,7.610547862902344
124,6.7990057379083915,208.97541685374713,12.18956907880641
125,9.03059969627104,218.00601655001816,13.392069092110786
126,3.1593821000651157,221.16539865008326,14.279807255361343
127,5.489503651966466,226.65490230204972,13.237744968287878
128,5.831308982047619,232.48621128409735,14.298363697135745
129,9.000684767632233,241.4868960517296,12.664213271619769
