1,3.1900846646206733,3.1900846646206733,12.004503583469003
2,10.174546611957622,13.364631276578296,13.04189890640124
3,4.349467808715298,17.714099085293594,11.737934964453874
4,0.6189359241658411,18.333035009459433,5.897197816229828
5,1.238689651250467,19.5717246607099,6.050622527972299
6,3.1771744345260893,22.74889909523599,13.704196730233583
7,12.110896684506848,34.85979577974284,10.064772945031148
8,0.6287215660382353,35.48851734578108,13.083664945706927
9,0.56439669519987,36.052914040980944,14.12201031058833
10,4.87456361429283,40.927477655273776,5.945143185313615
11,1.726270581119382,42.653748236393156,11.532258101957513
12,2.6905473642504303,45.344295600643584,10.346332451222096
13,2.6024105823143016,47.94670618295788,11.367682718616813
14,3.3427785434359754,51.28948472639386,12.220736139398458
15,0.05680316552874447,51.3462878919226,9.753527591600104
16,1.437508748321815,52.78379664024442,6.76444918039347
17,4.786625217724906,57.57042185796932,11.455223000688301
18,4.415440610442474,61.985862468411796,8.525327397477792
19,0.30294058188673495,62.28880305029853,13.707057788779542
20,3.9070595802802934,66.19586263057883,13.107092441454459
21,0.7688453748528188,66.96470800543165,11.820845709811664
22,2.61214981192021,69.57685781735185,11.20912827218185
23,2.375896337936212,71.95275415528806,5.5981330366539055
24,0.32845211172307776,72.28120626701114,9.458733097234765
25,0.19089175905044511,72.47209802606159,14.907441510184146
26,0.7600131395930269,73.23211116565462,10.163354854641254
27,0.1901162464495673,73.42222741210418,8.590679533126298
28,0.2357553303986499,73.65798274250282,14.316881801025929
29,1.5444335714757993,75.20241631397862,8.486293393819876
30,0.5740978774697494,75.77651419144837,11.059332617064472
31,1.3621745728076942,77.13868876425606,8.138332851338674
32,0.6539254380929983,77.79261420234906,12.519386706011812
33,0.0753009749243674,77.86791517727343,9.694467099184656
34,0.36971249553037594,78.23762767280381,13.327282809832614
35,0.7923320809247475,79.02995975372856,11.918857574894494
36,1.2381958044149606,80.26815555814352,10.133667644860743
37,1.4149816735631517,81.68313723170667,13.300943235024807
38,0.61158744814045,82.29472467984712,8.653843675281127
39,1.2578698607884589,83.55259454063558,6.241610901192595
40,0.6461334448840893,84.19872798551967,5.503191924470411
41,0.2736746184151542,84.47240260393482,14.411947145071158
42,1.0402407715529127,85.51264337548774,9.21159362376501
43,0.906721518951892,86.41936489443964,6.696499111970862
44,2.9648850862721035,89.38424998071174,11.282861172380205
45,2.1118057272275093,91.49605570793925,12.076660488977073
46,0.01418854972487719,91.51024425766413,11.611693212068104
47,0.8812063574659817,92.39145061513011,6.887767677539388
48,0.4416248986230931,92.8330755137532,11.044442912474818
49,0.20553868764298514,93.03861420139619,6.6880002763500475
50,1.9755656015397083,95.0141798029359,8.561240048268273
51,2.317289467231524,97.33146927016742,6.5020972308502305
52,0.0074292563917141416,97.33889852655913,11.105686290882838
53,1.3494922230894513,98.68839074964859,7.66495409906261
54,0.2182169699499306,98.90660771959853,10.994476033088663
55,0.42892545441195645,99.33553317401048,13.562408041021225
56,0.8481403683540082,100.18367354236449,13.569403374273477
57,0.867351049453232,101.05102459181772,12.563853214307652
58,0.3469467575697056,101.39797134938743,8.62475740500896
59,0.0772129551245261,101.47518430451196,14.700813930772066
60,0.31051761500928965,101.78570191952124,7.701585728005775
61,1.0382498089984535,102.8239517285197,10.594215888369236
62,0.6072061702788435,103.43115789879855,7.822667661239514
63,2.3485437831688674,105.77970168196741,7.2342874938674715
64,6.934226701906534,112.71392838387395,6.563905933127536
65,0.8076875919062629,113.52161597578021,6.789049262968538
66,2.0913133571480333,115.61292933292825,13.912920954573938
67,0.8802128134023665,116.49314214633061,10.31886015653285
68,0.6433713808385303,117.13651352716914,14.888470122802223
69,1.1842112374425078,118.32072476461165,7.205916412369794
70,0.3583985399232757,118.67912330453493,10.030529953603327
71,1.5608623212800474,120.23998562581497,14.143257562852185
72,0.5396314197496811,120.77961704556465,12.55994745957764
73,1.6307132091289447,122.41033025469359,6.912051372365191
74,0.14767069992916065,122.55800095462276,10.818769691774865
75,1.2532608160740302,123.81126177069679,9.724363281150957
76,2.4867579416519088,126.29801971234869,12.11851922530305
77,0.36543198838813745,126.66345170073683,14.318863789143979
78,2.185143895130697,128.84859559586752,6.5711345238151795
79,0.21958201314841064,129.06817760901592,7.7041186805289685
80,0.38537242444872133,129.45355003346464,14.218723303336843
81,1.250113464819521,130.70366349828416,5.348381291868918
82,0.6428355550815461,131.3464990533657,11.393643054572905
83,0.5629890655831183,131.90948811894881,5.005361887992557
84,0.02001592542353481,131.92950404437235,6.749064645604095
85,2.2598046208573432,134.1893086652297,7.689035314352255
86,1.5731223081807388,135.76243097341043,10.511253574007009
87,2.866254985218509,138.62868595862895,8.66102772544398
88,1.2737911707847063,139.90247712941365,6.108351123779677
89,1.161486248503036,141.06396337791668,7.887350431976097
90,0.07575503265507236,141.13971841057176,9.28236942931349
91,0.3476590870896624,141.4873774976614,12.051671950486213
92,2.178033654663719,143.66541115232513,13.442085931757891
93,1.034030351937435,144.69944150426258,5.285488611680137
94,2.8481770724455933,147.54761857670817,8.401137247575775
95,0.6662573772321169,148.2138759539403,8.497648100981063
96,0.2740152312146294,148.48789118515492,13.730104741821386
97,0.3270201085134686,148.8149112936684,7.667015666599135
98,0.3912780061793643,149.20618929984775,12.079244454587695
99,0.02370078867862114,149.22989008852636,14.90375824756155
100,0.18627643305470393,149.41616652158106,12.757165815403114
101,0.20763768065725652,149.62380420223832,10.758958685483918
102,0.23310813050738627,149.8569123327457,10.933113121765775
103,0.2566925449423982,150.11360487768812,9.861256436047007
104,0.16266833801617817,150.2762732157043,8.702056333275168
105,0.06290518845392658,150.33917840415822,9.077056915446429
106,0.16344628964442753,150.50262469380266,5.971954725306437
107,0.17974380458332304,150.68236849838598,14.921680885300335
108,5.973505273008415,156.6558737713944,6.622861471325089
109,2.736811575869441,159.39268534726384,6.610869722715207
110,0.2504940748803043,159.64317942214413,13.871770283677611
111,0.9560579564923571,160.59923737863647,9.790698047945462
112,0.11987818827360462,160.7191155669101,14.777641575843525
113,0.776768237109004,161.4958838040191,8.34817316655977
114,3.2393753822959237,164.735259186315,10.691081279449204
115,0.7861123415345699,165.52137152784957,6.84956037528058
116,0.6185715151920407,166.1399430430416,12.05151386993313
117,0.02102288382611512,166.1609659268677,6.283889386985898
118,0.8954582080135517,167.05642413488127,12.267514047282233
119,1.8015523290271882,168.85797646390844,11.879676823290199
120,2.9060414335511915,171.76401789745964,5.558712898348409
121,0.3275434981510902,172.09156139561074,8.165888892311322
122,0.5415700952896668,172.6331314909004,5.328413784505285
123,1.685707130585442,174.31883862148587,9.73735863930181
124,0.7488753621813653,175.06771398366723,14.419705684665448
125,1.3257405020085278,176.39345448567576,8.032576307550562
126,0.03027891403355704,176.4237333997093,5.6763277124480584
127,1.5660930277635725,177.98982642747288,8.603287155476519
128,0.2047582718560045,178.19458469932889,5.5804874952782715
129,2.1529844928507496,180.34756919217963,7.211108842626308
130,0.7796796207129403,181.12724881289256,8.865091041643758
131,7.574859260563226,188.70210807345578,14.227184172976806
132,0.9469713784768361,189.6490794519326,8.402075925139872
133,15.67976577933335,205.32884523126594,8.734165969786195
134,1.0936879791469913,206.42253321041292,5.923852594946524
135,1.7189204091633052,208.14145361957623,5.382706376557126
136,6.7699386009590885,214.9113922205353,14.826345071177446
137,2.0754058510140605,216.98679807154937,13.644361527033093
138,5.366920080757112,222.3537181523065,12.695361267140989
139,8.779122785351777,231.13284093765827,10.891599700827545
140,4.974557647921419,236.1073985855797,5.066771445470564
141,35.483449966221464,271.5908485518012,9.703567003423318
