1,7.848006914485239,7.848006914485239,6.728825320033696
2,1.3532346944886227,9.201241608973863,5.093267360895678
3,3.060528795566203,12.261770404540066,7.930647081827078
4,1.1193682554830469,13.381138660023112,6.812603586301905
5,14.447382118637606,27.828520778660717,7.283665156776814
6,16.899720752591612,44.72824153125233,11.16427115276478
7,1.7998936298660362,46.528135161118364,9.776310724063132
8,9.017541950148773,55.54567711126714,5.665690816241802
9,4.996229587423457,60.541906698690596,11.997955427446675
10,1.3096402966224645,61.85154699531306,13.001156620758724
11,2.291393202673991,64.14294019798704,6.498108137552295
12,0.020427683513853524,64.1633678815009,8.228833640428082
13,0.32871868662500153,64.4920865681259,13.78227536061197
14,1.5059141010586012,65.9980006691845,14.200005149250423
15,0.13176048320403674,66.12976115238854,11.470838010491846
16,0.4365547163266597,66.5663158687152,8.334244597651026
17,0.39142386500276605,66.95773973371796,5.9448328128731855
18,0.18417366048599146,67.14191339420395,9.192917371680842
19,1.1325481991232713,68.27446159332723,12.383621466140234
20,0.36675897859354084,68.64122057192077,14.138864619267608
21,0.7480923185936635,69.38931289051443,14.838655404403237
22,2.2880483093225275,71.67736119983697,9.812972281489035
23,2.5862365267851617,74.26359772662212,13.889330282357161
24,1.777841358732151,76.04143908535427,14.83978424181563
25,0.08366953498018341,76.12510862033446,7.048370324972254
26,1.9562514502261708,78.08136007056063,12.800338733896536
27,1.8757210499107142,79.95708112047134,10.896307899954728
28,0.5578996531319848,80.51498077360333,12.112986582920755
29,1.2793700867713107,81.79435086037464,7.0410560378989775
30,1.6025712024584862,83.39692206283313,12.92800476564797
31,1.2980489840192677,84.6949710468524,10.133750274891922
32,0.10976416578067288,84.80473521263308,5.9717546100189125
33,0.1317963131159121,84.93653152574899,13.950914963015453
34,0.4974123777644762,85.43394390351347,13.870779485425707
35,0.33953664115156734,85.77348054466503,12.466193223418482
36,0.2791270863678786,86.05260763103291,7.239238970920879
37,0.15687713493304797,86.20948476596597,11.219239049068868
38,1.8601522715506549,88.06963703751663,13.48541756171802
39,0.07341114828774054,88.14304818580437,10.104091377332658
40,1.4892483087068662,89.63229649451124,6.522838800651058
41,2.247835298368894,91.88013179288014,11.11937760966356
42,0.35678315790395715,92.2369149507841,11.281564515282755
43,1.068461267363176,93.30537621814727,8.021380971493592
44,2.2892268937378444,95.59460311188512,14.769479325893942
45,1.0262758147145743,96.6208789265997,6.034836859103503
46,0.15520863150831632,96.77608755810802,13.423768656899947
47,0.17518232173580559,96.95126987984382,8.165366884316166
48,0.17899232142969185,97.13026220127351,13.442641327238672
49,2.5130190610566245,99.64328126233013,12.800988826335924
50,0.41790804785186036,100.061189310182,11.23500855558044
51,0.12711780795270375,100.1883071181347,7.43820054254739
52,0.9022532722047667,101.09056039033946,10.831782167770413
53,0.08841854765064193,101.17897893799011,9.45456050402191
54,0.22461785113613283,101.40359678912624,14.26421109272052
55,1.2515209707919683,102.65511775991821,5.309963164601555
56,0.3631992443579791,103.0183170042762,10.874840290543268
57,0.8071457792014745,103.82546278347768,10.438584879024008
58,1.3500443069384769,105.17550709041615,11.558252219452296
59,1.774318613322997,106.94982570373915,14.509859568529146
60,1.0507922713840305,108.00061797512318,13.852422838342926
61,2.5847747909619656,110.58539276608514,5.719437640549364
62,0.10310297660120157,110.68849574268634,9.540281020087622
63,8.6077538432504,119.29624958593675,13.230894245691285
64,0.31907143005415695,119.6153210159909,9.6230921787412
65,0.7086339065611711,120.32395492255208,12.524647807481504
66,0.35058609988809575,120.67454102244017,6.155889378257463
67,0.3375147372709577,121.01205575971113,9.266552111537706
68,1.8465654760185293,122.85862123572966,10.715633096420504
69,0.36725534532099025,123.22587658105064,11.322899106422295
70,0.3787593222259573,123.6046359032766,6.368573286269924
71,0.007755683603588406,123.6123915868802,8.398647384004349
72,0.4879151364900169,124.10030672337021,10.201697853096613
73,5.858836420097966,129.95914314346817,10.457462131465993
74,0.977912592134299,130.93705573560246,8.66645694149381
75,0.8886449530849452,131.8257006886874,12.46415067880431
76,0.8402262622718104,132.6659269509592,8.233264939942956
77,1.2944196510072923,133.9603466019665,7.400266631282842
78,0.5073807198660925,134.4677273218326,9.237512570287766
79,0.2896279963619028,134.7573553181945,13.644176553555917
80,0.7567467369769503,135.51410205517146,14.963084782590318
81,2.1510543400102597,137.66515639518173,7.476488093623244
82,0.0872596795738953,137.75241607475562,7.843920500011578
83,0.5579329086235841,138.31034898337919,9.26413958317249
84,0.43691670159957213,138.74726568497877,11.301712282647816
85,0.4600283048472508,139.207293989826,10.415332172721522
86,0.1236960312449181,139.33099002107093,10.61764020099282
87,0.46864741344466004,139.7996374345156,8.835003613666375
88,1.3569320820909547,141.15656951660657,10.396000006419733
89,2.629550976473294,143.78612049307986,6.334067125543948
90,1.2790190254465774,145.06513951852645,13.168151059721861
91,1.0796451688000308,146.14478468732648,13.940793163237892
92,0.12586989116369882,146.27065457849017,8.106569194082113
93,0.13551505261567787,146.40616963110585,14.01918260475606
94,0.5952016104936977,147.00137124159954,13.429410692559276
95,0.6215094520808585,147.6228806936804,13.748419070575938
96,1.093642122887613,148.71652281656802,5.785356503347947
97,0.4945584874491755,149.2110813040172,10.690467564836247
98,1.3864286743790684,150.59750997839626,12.827706401629026
99,0.3574891871495212,150.9549991655458,12.011563570400254
100,2.842439700333453,153.79743886587923,5.691862020649863
101,0.6251706592276215,154.42260952510685,7.657927003102575
102,0.6328259273155087,155.05543545242236,9.580593649992391
103,0.9217376932232083,155.97717314564557,10.905895071880744
104,2.269839406836117,158.2470125524817,8.523320027021692
105,4.014456596025652,162.26146914850733,14.063718786849122
106,0.5158173357861282,162.77728648429346,8.313493218716221
107,3.210481795536085,165.98776827982954,9.267075622501778
108,0.08553375245913362,166.07330203228867,9.67951591037064
109,1.554234710450268,167.62753674273893,12.43474969136517
110,0.4216291649298085,168.04916590766874,12.094928218905023
111,1.6732010790860026,169.72236698675474,6.911051655502691
112,0.7621544845529611,170.4845214713077,14.901268189124748
113,1.5051534350134006,171.98967490632108,10.731981914956847
114,1.7293685291022916,173.71904343542337,13.762300596752333
115,0.30506045755034983,174.02410389297373,9.468055085264597
116,0.7484264920241981,174.77253038499794,10.770923739137269
117,0.3151615985927469,175.08769198359067,8.647433434548688
118,2.183426585133912,177.27111856872457,13.230096447203113
119,0.08439730187995721,177.35551587060453,8.645234442200298
120,1.9765105127173093,179.33202638332185,12.341030766365156
121,0.17221515001392138,179.50424153333577,11.711552166824243
122,0.3345486010143455,179.83879013435012,6.874790479210664
123,0.4744751716744482,180.31326530602456,11.89554482204354
124,0.49314088129381695,180.80640618731837,13.245815684477257
125,18.57243788418416,199.37884407150253,6.720067196822327
126,13.204187616454684,212.5830316879572,11.003699226247033
127,19.35713964665745,231.94017133461466,6.414725948018649
128,5.352150967582948,237.29232230219762,9.420695010665966
129,16.48902998056395,253.78135228276156,8.743643045271032
