1,1.7014722487913472,1.7014722487913472,8.370017418952251
2,5.912381635858318,7.613853884649665,9.930667650784304
3,1.7573703683714237,9.371224253021088,6.901186258464447
4,9.723722249567627,19.094946502588716,11.464755653421749
5,8.706884306684184,27.8018308092729,11.66516313000736
6,5.69649662692138,33.49832743619428,9.572890621434302
7,12.475963001554408,45.97429043774869,10.579554603663134
8,10.76982035847312,56.74411079622181,9.626081932534323
9,3.3928736817068317,60.13698447792864,11.658101590090297
10,0.2702976904676903,60.407282168396335,14.96888566538495
11,0.22717339402814,60.63445556242448,5.7163529681309
12,0.4783445510195708,61.112800113444045,13.625215311711118
13,1.6746795810747703,62.787479694518815,5.287989726640445
14,1.021099354652451,63.808579049171264,11.522891548053956
15,0.3228830088396946,64.13146205801095,10.39328115359781
16,0.9418158402604238,65.07327789827137,10.130428550973981
17,0.16093031707876151,65.23420821535014,13.307586332010214
18,0.5904458752206442,65.82465409057077,8.60685889753089
19,1.261103498246654,67.08575758881743,11.854059929278996
20,0.43166672961613195,67.51742431843356,9.831599026745941
21,0.29630359416815577,67.8137279126017,12.640180122781448
22,0.028833828970304065,67.84256174157201,12.861627749057865
23,0.37647165288037715,68.2190333944524,8.30364067447627
24,1.1517411795598975,69.37077457401229,13.723550426049183
25,1.4550523578068264,70.82582693181911,9.324507121434625
26,0.7187204757575151,71.54454740757663,5.023917274175885
27,0.044787654170806046,71.58933506174743,10.454693365891945
28,0.12214250469927576,71.7114775664467,9.848730878203515
29,1.4237478317785366,73.13522539822524,8.793627376141114
30,1.8269953751549384,74.96222077338018,6.123632763996279
31,0.07475580623364092,75.03697657961382,10.915488550877319
32,0.35866088544713537,75.39563746506096,7.287277110822421
33,0.38500829268952924,75.78064575775049,10.701274368685056
34,0.7001169177692644,76.48076267551976,13.50607056237915
35,0.1532066521068343,76.63396932762659,8.93665972892705
36,3.3606504097643937,79.99461973739098,12.639164287643933
37,0.9905112053494672,80.98513094274044,10.625212548435652
38,0.9584855738043585,81.9436165165448,14.351169694221706
39,0.6657256301340715,82.60934214667887,7.848993814749804
40,2.2340827814443407,84.84342492812321,8.03497057645037
41,1.6164915592177005,86.45991648734092,14.196938665870277
42,0.6101772500895265,87.07009373743044,9.174901988013076
43,0.766259449904376,87.83635318733482,12.643293242032758
44,0.026820487486913073,87.86317367482174,9.665251814167352
45,0.4744755885514973,88.33764926337324,6.167195585381701
46,1.9629194097143028,90.30056867308754,6.440774574741578
47,1.563445180940049,91.86401385402759,11.105560680895948
48,0.7130712926944899,92.57708514672208,12.854562690847043
49,0.011974437599000944,92.58905958432108,11.726772792005065
50,0.21404654992762237,92.8031061342487,10.733738857000677
51,1.410541305608224,94.21364743985691,13.393597701553787
52,0.20780070977059178,94.42144814962751,10.837635444874728
53,1.1381270151949066,95.55957516482242,14.9426276294113
54,2.009857424837906,97.56943258966032,7.096963283452798
55,0.7026820625352731,98.2721146521956,5.205903349469918
56,1.3989102174410817,99.67102486963668,9.824915926495006
57,1.070016676788934,100.74104154642562,5.9202407453436745
58,1.26507722949869,102.0061187759243,10.837581367661251
59,3.840981437001556,105.84710021292587,12.613879949437205
60,1.0937255996674886,106.94082581259336,11.172458979078323
61,0.4934920875844258,107.43431790017779,11.702585629263863
62,1.4764754113344474,108.91079331151224,13.268266885977239
63,1.8141857798395904,110.72497909135183,11.978555632471252
64,0.8154682527179057,111.54044734406973,12.503273638123112
65,1.6186865186297479,113.15913386269948,11.162843946981123
66,3.44839197195249,116.60752583465197,12.203600020687322
67,0.9117342966758336,117.5192601313278,13.82902219914392
68,0.0757754901627516,117.59503562149055,8.737428964762337
69,1.3694359632231559,118.9644715847137,7.380317828594527
70,0.43392007841920566,119.39839166313291,8.580022642378815
71,0.05452070229660965,119.45291236542953,7.964093740283409
72,1.2595158335786865,120.71242819900822,9.160416879584602
73,0.03337516865891633,120.74580336766714,7.593238971994748
74,0.3023411270255639,121.0481444946927,9.830651741203795
75,0.526948919979147,121.57509341467185,10.52834385302086
76,1.0561498337281394,122.6312432484,12.558365614014381
77,2.092397379282754,124.72364062768276,10.420564108041093
78,0.7487962590702141,125.47243688675297,6.432010317489266
79,0.40647689119056535,125.87891377794354,8.38643125071549
80,1.3418952104449284,127.22080898838847,6.566340925239093
81,1.1850298922638736,128.40583888065234,11.584467498179396
82,0.0675344167126327,128.473373297365,13.535063121838268
83,0.5193909672023441,128.99276426456734,14.631284601041868
84,0.07122218002594025,129.06398644459327,8.52247131381777
85,1.3084299489745423,130.37241639356782,13.07003294090973
86,0.1046969137469152,130.47711330731474,7.800771667475086
87,0.5107781636879952,130.98789147100274,7.704836606002235
88,2.305482192394441,133.29337366339718,5.395990530033013
89,0.6855355762436817,133.97890923964087,6.62284519023946
90,3.80616181561111,137.785071055252,12.136445679124316
91,3.201234025714029,140.98630508096602,8.04466829677497
92,3.8273419705120832,144.8136470514781,5.324678124058623
93,0.3891597724736896,145.2028068239518,7.142266685608803
94,0.40831358375364585,145.61112040770544,9.893424229421953
95,0.9077290915239534,146.5188494992294,9.149371840840052
96,1.9909943260801921,148.5098438253096,9.219486608797567
97,0.5139263832645556,149.02377020857415,12.96744926790334
98,0.18036645439424445,149.20413666296838,5.407007334715775
99,1.7883481693232124,150.99248483229158,11.470136785531079
100,0.8696215906719513,151.86210642296354,8.243455976051248
101,2.5584722849434196,154.42057870790694,13.373341132332767
102,0.11172351372960476,154.53230222163654,8.04439222012633
103,0.4478642106343215,154.98016643227086,8.857142969418131
104,2.0827560209566314,157.0629224532275,7.186480479194977
105,1.282553653009701,158.3454761062372,13.93545256898888
106,0.5739569483820103,158.9194330546192,13.949746323061715
107,1.1185437540578662,160.03797680867706,7.2685134338565325
108,0.010395725551975989,160.04837253422903,8.297423992670566
109,0.8664529166052815,160.91482545083431,14.360163123814324
110,3.446113102790308,164.36093855362464,5.268143040106676
111,1.0651387456314663,165.4260772992561,13.768899586670946
112,0.3525078491727718,165.77858514842887,6.4021609059633855
113,0.26153419721016263,166.04011934563903,9.373732260962196
114,0.5364948313103384,166.57661417694936,10.852001591644633
115,0.7146610483174507,167.29127522526682,10.368065293328147
116,0.8085702744252263,168.09984549969204,13.381118813635787
117,0.4996244796625107,168.59946997935455,7.942417632623469
118,1.0242930614165158,169.62376304077108,5.378875214602288
119,2.261577397755325,171.8853404385264,9.920032879291409
120,0.40759790400624996,172.29293834253266,13.932313281596526
121,0.3704800156412633,172.66341835817394,10.031729574731804
122,0.17453548088231247,172.83795383905627,13.254755598795228
123,0.4649217985718464,173.30287563762812,12.40418876225522
124,1.1365657574234116,174.43944139505152,14.31348656194864
125,0.2572546859720118,174.69669608102353,11.070218456858989
126,2.2246552649574083,176.92135134598095,12.278210297690428
127,1.2137500459296033,178.13510139191055,12.235072038036114
128,1.775533850602064,179.91063524251263,14.94822458592015
129,0.3986555680738274,180.30929081058645,11.119259464110513
130,13.108741204498395,193.41803201508483,9.69871444316552
131,0.0944720070338955,193.51250402211872,11.513849023657393
132,1.50351829853865,195.01602232065736,9.79673291321075
133,3.3102298555250758,198.32625217618244,12.613615181482007
134,13.69255141993155,212.018803596114,6.575984348210303
135,44.465453231092084,256.4842568272061,8.276270297567372
