1,10.548194260078866,10.548194260078866,9.279165777978486
2,0.6812287780931983,11.229423038172063,10.581433917171944
3,20.821463218545713,32.050886256717774,8.139702384294063
4,0.024643015948300106,32.075529272666074,12.42008698544009
5,3.973920535123185,36.04944980778926,13.750289308167803
6,1.1728825363894981,37.22233234417876,8.715388208590038
7,6.925917666609346,44.148250010788104,12.61907814351809
8,3.0856460551202773,47.23389606590838,5.567387763009055
9,0.16135207986616618,47.39524814577455,10.80424654307368
10,0.6347258441882067,48.029973989962755,8.556072713634588
11,5.605057640370283,53.63503163033304,13.752742715953852
12,3.4457150434054777,57.08074667373852,14.396722516115073
13,5.154727166708115,62.23547384044663,11.706647162977422
14,0.047773473132826844,62.28324731357946,9.50838887332515
15,2.8695392396725046,65.15278655325196,7.20406406448347
16,1.1897109252651088,66.34249747851706,14.485902729004241
17,0.13507136696184263,66.4775688454789,9.903117622550031
18,3.3360588840428025,69.8136277295217,7.5139134694013805
19,1.6610566627136147,71.47468439223532,8.818977361565185
20,0.17447888178766371,71.64916327402298,11.157959181980637
21,0.12126056872658343,71.77042384274957,8.894983036624907
22,1.842182430286007,73.61260627303557,12.725372258299423
23,1.6177205454715975,75.23032681850717,12.36936396235949
24,1.6994250178260677,76.92975183633324,7.006595065313973
25,1.182013255257673,78.11176509159091,11.341236835186006
26,0.21265491810398315,78.32442000969489,14.69404777061579
27,0.24912062580376587,78.57354063549866,12.104760650423286
28,0.2538901787185944,78.82743081421725,5.012108795398856
29,1.5711453771623884,80.39857619137965,5.842570258467269
30,0.7185239309285338,81.11710012230819,5.188087161671713
31,3.395679545288071,84.51277966759626,13.966548113837442
32,1.5593023898457457,86.072082057442,11.299640151338558
33,1.0138753680582908,87.0859574255003,6.101851322374765
34,0.7758394970713682,87.86179692257167,11.393742217575626
35,0.10770334526806444,87.96950026783973,14.865376586613364
36,0.8414212215083637,88.8109214893481,9.205062229108737
37,1.8133786246478196,90.62430011399593,8.968835188647937
38,1.0189568823520359,91.64325699634796,6.828539630832574
39,0.30300837323868507,91.94626536958664,10.446893819468652
40,1.4065159978529778,93.35278136743962,6.952199987118418
41,0.22218330619754015,93.57496467363715,12.695430533133333
42,0.39303334700998543,93.96799802064714,12.077322674802037
43,3.0108486790346323,96.97884669968178,6.638668878123749
44,0.3174132437686157,97.2962599434504,6.223415612282857
45,0.5152464493546497,97.81150639280504,14.466138666889687
46,0.7065597015284149,98.51806609433346,13.61747338633368
47,0.5092995958387653,99.02736569017223,12.81922324333733
48,0.5049979889325726,99.5323636791048,14.986338587198318
49,1.4107205566417125,100.94308423574651,9.978427754452456
50,0.08651346018997955,101.02959769593649,11.358785109942708
51,0.34001217298421355,101.3696098689207,12.875140142903529
52,0.2482798462261369,101.61788971514684,12.278454361943703
53,2.8398209359012507,104.45771065104809,8.754497697258081
54,2.314620575650375,106.77233122669847,6.255502686083354
55,4.602204379648029,111.3745356063465,11.335176896745494
56,4.320546675802937,115.69508228214943,10.388659131498521
57,1.7683866298030004,117.46346891195243,9.212921752393926
58,0.4977561312913637,117.9612250432438,10.875787700394719
59,0.4034191297058069,118.36464417294961,9.962050656534622
60,2.5578363464359026,120.92248051938552,14.120326020065672
61,1.094139380121561,122.01661989950708,5.2611211794310435
62,0.5515345795064778,122.56815447901356,8.403877861496676
63,3.0636288708988726,125.63178334991242,7.047560309064988
64,0.29484461088673025,125.92662796079915,11.290400777325312
65,2.1675113673215547,128.09413932812072,10.497591148619588
66,1.325476142000902,129.4196154701216,7.438193886905086
67,0.4263705230253773,129.845985993147,5.0514509592086965
68,0.5050761341838726,130.35106212733086,7.361073829411002
69,6.288409615223827,136.6394717425547,11.84946503097944
70,1.7027546791291173,138.34222642168382,8.434224836132199
71,0.1429303494451215,138.48515677112894,14.914336981460671
72,2.498029274004765,140.98318604513372,14.343354389167487
73,0.5235222826044519,141.50670832773818,11.028205954912266
74,0.5414267975479848,142.04813512528617,10.526653014075364
75,0.8309914828535957,142.87912660813976,6.549935787692166
76,1.6504159107982175,144.52954251893797,12.410550192768302
77,0.012534644978561422,144.54207716391653,6.197775980638153
78,0.12996694440654197,144.67204410832306,11.832325291629864
79,0.22544972924323997,144.89749383756632,5.512663033621921
80,4.1171207462956057E-4,144.89790554964094,7.453747172065005
81,3.3874536720224757,148.2853592216634,5.890975268126465
82,0.7167200293722372,149.00207925103564,12.34727789117618
83,0.044062686931455486,149.0461419379671,8.946143195609336
84,0.03061430649749677,149.07675624446458,12.768593898799121
85,1.176229849980397,150.25298609444496,13.087239506299088
86,0.6108430802004376,150.8638291746454,14.44130705191993
87,0.0828859544123827,150.94671512905776,12.247805859969084
88,0.9558595940543553,151.9025747231121,9.714136268115787
89,1.0810041065527116,152.98357882966482,6.257202121349097
90,0.8656132314241434,153.84919206108896,14.741141424288971
91,0.9950863732442745,154.84427843433323,8.533031653141768
92,2.438566073012956,157.2828445073462,13.491663148231618
93,1.1320021158337172,158.41484662317993,6.89962757924691
94,1.5265064504699384,159.94135307364988,12.706096035111232
95,3.0616075191771335E-4,159.94165923440178,7.037194486482913
96,0.04229291710239449,159.98395215150418,10.184543474858188
97,0.4011440223844265,160.3850961738886,6.555819211764904
98,0.6974299082234708,161.08252608211208,6.21125194598354
99,2.9397575412974333,164.02228362340952,14.70757593362265
100,0.03956323415653407,164.06184685756605,13.48881787342207
101,0.687172297055033,164.7490191546211,9.327258198223866
102,0.5549834652463709,165.30400261986748,7.152500614257166
103,0.09539167348381974,165.3993942933513,10.963977155885985
104,0.4619961917023238,165.86139048505362,11.060371714760876
105,1.786680071997003,167.64807055705063,12.74987189181211
106,0.39351697381548084,168.0415875308661,5.643266393029261
107,0.8966644765290028,168.9382520073951,12.86762855392044
108,0.9988938019222,169.93714580931731,7.850991937654401
109,3.5858624319633616,173.52300824128068,6.1359526725563915
110,0.8021497946865283,174.3251580359672,14.551135419140493
111,0.1846343432976031,174.5097923792648,9.16115144841035
112,0.1967774298776018,174.70656980914242,12.785682845845486
113,1.8545086786463132,176.56107848778873,9.244642755171048
114,0.8215663193618344,177.38264480715057,14.854480371199715
115,4.331326045274222,181.71397085242478,12.094917953329087
116,3.7476837675239025,185.4616546199487,6.2034445821853925
117,6.977824935180562,192.43947955512925,5.526299710053104
118,5.072147056246807,197.51162661137607,9.747658922763796
119,3.7866596063912117,201.2982862177673,14.166279798559401
120,17.18968802871661,218.4879742464839,6.356338371080318
121,5.5051646872835125,223.99313893376743,11.639181297299107
122,8.392565230384404,232.38570416415183,9.952117604166002
123,3.0615813799344,235.44728554408624,6.475116811785226
124,18.879962079376867,254.3272476234631,13.035497988640815
