1,4.684781802559286,4.684781802559286,10.323238799751653
2,2.129975456771246,6.814757259330532,10.415115179290186
3,2.205050375829144,9.019807635159676,14.620919545435353
4,14.90441623306751,23.924223868227187,12.027393343275643
5,0.6551471296936562,24.579370997920844,10.030138535529014
6,12.861384549027633,37.44075554694848,8.709215757431497
7,1.4569942068576294,38.89774975380611,6.501968708081679
8,12.369641249602658,51.26739100340877,8.476772910002516
9,0.8300185514371922,52.09740955484596,11.317032609609388
10,10.58718616899949,62.68459572384545,6.067308383465382
11,0.652804921839432,63.33740064568488,9.40186531270716
12,0.17663329852950893,63.51403394421439,11.016309570901374
13,0.29354035363737646,63.807574297851765,7.680168106486444
14,1.2656797588669033,65.07325405671867,9.659133852724848
15,0.3269827942756179,65.40023685099429,11.284411331920765
16,0.7077671896187504,66.10800404061304,12.435238045224374
17,2.475384481115847,68.58338852172889,11.222715010755081
18,0.05854726096778477,68.64193578269668,8.115158909051878
19,0.8865243959597412,69.52846017865642,13.596362173385284
20,0.36381033083155995,69.89227050948797,7.080020672306841
21,0.8416693725950305,70.733939882083,5.967227487836356
22,0.5057731236548196,71.23971300573783,11.761614600523645
23,1.5762860102885334,72.81599901602635,11.408105298827866
24,1.316042084457627,74.13204110048397,14.471689528982518
25,1.20925368358542,75.34129478406939,11.161724808766209
26,0.5686798730091628,75.90997465707855,9.984663761328264
27,0.8131396266710265,76.72311428374958,13.592290814973138
28,0.31025005022233654,77.03336433397192,5.086077336586054
29,1.418370028441743,78.45173436241366,12.194587293473829
30,0.256571908384745,78.7083062707984,13.096624015445052
31,0.5088838723666627,79.21719014316507,13.632723494142757
32,1.960130572667639,81.1773207158327,6.562167758582085
33,0.42469965968689544,81.6020203755196,5.429407003057146
34,1.7579764650051661,83.35999684052477,8.361879754802363
35,2.733950968645626,86.0939478091704,7.291314250928592
36,0.8339277041449391,86.92787551331534,8.741705877181591
37,1.0981750998191824,88.02605061313453,6.389784683689753
38,2.6720860401738027,90.69813665330834,12.582753774387292
39,1.0312254183150416,91.72936207162338,11.745610320950501
40,1.2068098365365074,92.93617190815989,10.633364768677122
41,0.38560596658895707,93.32177787474885,6.237887157973204
42,1.6170965806352073,94.93887445538405,13.8916803051592
43,0.9322043570062989,95.87107881239035,6.227197242121555
44,0.10186151662495467,95.9729403290153,5.79322322426366
45,0.5124150245711525,96.48535535358646,5.90633062023347
46,1.4117738306695329,97.89712918425599,6.759715407433634
47,0.3408151614748766,98.23794434573087,6.844373634785197
48,0.642437001156294,98.88038134688716,9.660170191461445
49,2.0983833734333417,100.9787647203205,9.595156916847065
50,0.48609245805121154,101.46485717837172,6.679399153828852
51,0.14259509966596304,101.60745227803768,12.536505584384635
52,1.030659117662007,102.6381113956997,8.612878466443123
53,1.2079394627804068,103.8460508584801,12.23217192576163
54,0.31685858360680885,104.1629094420869,14.655519382755195
55,3.8949845893872066,108.0578940314741,11.943296315203034
56,0.6805795908580671,108.73847362233218,5.351673886485287
57,3.845573207691414,112.5840468300236,12.90000100198662
58,1.2762554651406508,113.86030229516425,14.490805041913044
59,1.4351946617869569,115.2954969569512,5.055950310179716
60,1.2602989411271157,116.55579589807832,10.980723205593286
61,0.48861141093906224,117.04440730901737,9.512974857777756
62,1.7804448407473588,118.82485214976474,14.724757056720932
63,0.26989950977381055,119.09475165953855,14.686805724075334
64,0.7861356706357865,119.88088733017433,10.492202190731138
65,0.7430408840065934,120.62392821418092,5.131160993106518
66,1.1940680257358816,121.81799623991681,11.42619559081891
67,0.377686647561672,122.19568288747848,10.34073775710322
68,1.7227180717351422,123.91840095921363,7.91625032657103
69,0.13647510498388668,124.05487606419752,14.680796628684163
70,2.397775517372096,126.45265158156961,7.494027425681321
71,0.6478113351910565,127.10046291676066,11.843179078678226
72,0.866992027983997,127.96745494474466,13.309609548736251
73,0.1299886934902957,128.09744363823495,11.043170987624897
74,1.1690230379394155,129.26646667617436,9.958723313308328
75,0.08635474419729615,129.35282142037167,5.470224575610373
76,0.3523276805839701,129.70514910095565,10.945650350791169
77,0.48823571490130957,130.19338481585697,11.561312394403494
78,0.03488156958550705,130.22826638544248,14.631626260300681
79,0.3371557472678464,130.56542213271032,8.868500680341072
80,0.03199684958710433,130.59741898229743,12.73465240147998
81,1.7736413533056232,132.37106033560306,14.37798430108958
82,0.06808886209820518,132.43914919770125,14.53970927703472
83,2.3375959676216973,134.77674516532295,10.460381421359871
84,1.0572362194723717,135.83398138479532,10.144621715437045
85,0.35232319282177244,136.1863045776171,13.586553652635697
86,1.411155541402464,137.59746011901956,9.115604032411682
87,2.647091061520234,140.2445511805398,11.30016083613153
88,0.22236330127927267,140.46691448181906,12.384997243505047
89,0.7505125236554416,141.2174270054745,8.648447423932208
90,0.44409227842690674,141.66151928390138,5.405107294281891
91,0.10261633184522992,141.76413561574662,13.843164454701455
92,0.2516190917748824,142.0157547075215,7.04583227863724
93,0.7925484637485978,142.8083031712701,12.740669687030362
94,1.3685686678787743,144.17687183914887,10.122530883215346
95,2.5911490796617467,146.7680209188106,5.3700662455370685
96,2.569716130365066,149.33773704917567,7.235069771984653
97,0.25131353140809853,149.58905058058377,13.615382891317983
98,0.03368559784015558,149.62273617842393,6.055970180507668
99,0.8160643297694737,150.4388005081934,7.42657505325485
100,0.371361579296222,150.81016208748963,8.817300089466412
101,1.494984978242315,152.30514706573194,6.329780647040821
102,0.28382899509207593,152.58897606082402,9.817405006439559
103,1.0703663207161733,153.6593423815402,10.509742182968193
104,1.860766809312861,155.52010919085305,8.390592076035922
105,0.13137990560238605,155.65148909645544,5.433823333641903
106,2.9833234459178297,158.63481254237325,13.404398110766166
107,0.5432227404037121,159.17803528277696,10.65613137820152
108,0.4597634698888949,159.63779875266584,11.623566119129933
109,0.4355439800355269,160.07334273270138,14.385160780053413
110,0.3509448142172873,160.42428754691866,7.457728730192239
111,0.10546019096422664,160.5297477378829,9.346820327965453
112,2.1906909958176084,162.72043873370052,11.32289950113472
113,0.1306595369145108,162.85109827061504,10.773759792496087
114,0.25273907671374335,163.10383734732878,12.935344300679237
115,0.9807355225508475,164.08457286987962,10.761790134327722
116,2.7757074808237303,166.86028035070336,10.28820108404691
117,1.1518299803003331,168.0121103310037,5.486489520552253
118,1.1552764929918635,169.16738682399557,6.4112667926461615
119,0.46938545088760997,169.63677227488319,10.033720037530399
120,0.0935249155957828,169.73029719047898,7.987743620355703
121,1.1187938350145312,170.84909102549352,9.245395324945767
122,0.6056984323995317,171.45478945789304,12.101748114555631
123,1.9276015894744407,173.3823910473675,9.269387126614976
124,0.4003021976256882,173.78269324499317,12.938207555227748
125,2.8147725626962146,176.5974658076894,11.109226691762116
126,2.4339566332629015,179.0314224409523,7.988992734549526
127,0.7202946261064864,179.7517170670588,10.229523369170819
128,0.7672637581971613,180.51898082525597,14.824230600150186
129,7.950858397065738,188.4698392223217,6.227051052937646
130,8.942607221813319,197.412446444135,5.317164089521832
131,0.9393382092078586,198.35178465334286,9.013280372888708
132,2.043323863356884,200.39510851669974,13.732400251499689
133,2.31579399241454,202.71090250911428,6.37901277152381
134,2.8950872125763816,205.60598972169066,7.69436412466609
135,30.843500730874144,236.44949045256482,12.349924896222367
136,1.934450768344649,238.38394122090946,10.689873181409855
137,12.188643724858636,250.57258494576809,12.29440250873895
