1,2.631896443107857,2.631896443107857,7.750921277968087
2,0.29463028153149473,2.9265267246393516,10.586523299869706
3,12.411754478829318,15.33828120346867,13.137311665371625
4,6.220649728076172,21.558930931544843,9.37303940975128
5,13.074423117170786,34.63335404871563,7.3892027648276235
6,2.349344777159616,36.98269882587525,5.054613703663993
7,1.6907138054242852,38.673412631299534,11.300719973336285
8,7.513822972859968,46.187235604159504,6.051508482415743
9,0.39609197426471,46.58332757842422,14.758732234077568
10,15.938276577583224,62.52160415600744,10.067520494211358
11,2.8296311726005325,65.35123532860797,9.603727286370766
12,1.616333423073524,66.9675687516815,13.97289088122622
13,0.21784481667854524,67.18541356836005,10.394439107283844
14,1.307654502022486,68.49306807038253,9.900922887672666
15,0.5299018150421075,69.02296988542464,6.591998102312624
16,0.4392660453625744,69.46223593078722,9.060608839526196
17,1.459868864517608,70.92210479530482,8.89959629419396
18,0.14549656929061486,71.06760136459543,9.82282575654223
19,1.1611263870537747,72.2287277516492,7.738985467201322
20,2.1475901977525256,74.37631794940172,6.345972699611026
21,0.6998399329500711,75.0761578823518,8.078242828544672
22,1.3254261055838106,76.40158398793561,7.2356733030219145
23,1.8524668408212133,78.25405082875682,7.911015253439695
24,1.2265819584521134,79.48063278720893,12.755007913814413
25,0.1846577596386286,79.66529054684756,12.610211734270882
26,0.37132512984761795,80.03661567669518,13.253526527410699
27,0.14732857220969037,80.18394424890487,12.999879614527035
28,0.03621110936731573,80.22015535827218,6.788538735749439
29,0.026453637908381275,80.24660899618056,8.115820841406087
30,3.4083884589373286,83.65499745511788,14.492311616352799
31,1.362239925257484,85.01723738037536,13.370129481103596
32,1.909791251684562,86.92702863205993,9.940893179188764
33,0.09447073232712519,87.02149936438705,9.76879970279077
34,0.8754553298056067,87.89695469419266,7.9395919759836255
35,2.6550593486852034,90.55201404287786,6.813221428744665
36,1.2476232256380766,91.79963726851594,8.795504699435202
37,1.774732634295315,93.57436990281126,5.170514105861007
38,3.7628257681797384,97.337195670991,6.532982850226087
39,0.14037903436568264,97.47757470535667,5.085891394061221
40,1.964372821468174,99.44194752682485,6.940870965698434
41,0.012373893117710142,99.45432141994256,11.556432438470594
42,1.713102732602309,101.16742415254487,13.916918575008468
43,0.2642281666018744,101.43165231914674,8.73239329625272
44,0.0012683107120554026,101.43292062985878,11.84580228475114
45,5.587163461282463,107.02008409114124,10.927961684494468
46,0.14283276330579278,107.16291685444703,6.5196289487590615
47,0.2062955389349989,107.36921239338203,9.64479078134962
48,2.1912415922392308,109.56045398562127,6.842385691100493
49,1.3385347256426858,110.89898871126395,6.38322046630792
50,2.2022040408822403,113.10119275214619,13.042060344405186
51,0.22633783304941085,113.3275305851956,11.152248666362382
52,0.03991024391541668,113.36744082911102,9.240543090888314
53,0.682989534248911,114.05043036335994,9.846826816681933
54,0.2480718119913958,114.29850217535133,9.03853099849874
55,0.533519046756546,114.83202122210788,14.079171408502063
56,0.5066874886680678,115.33870871077595,11.057106503284986
57,0.25855640247967204,115.59726511325562,6.763878769256776
58,2.2342130241736626,117.83147813742929,6.767293419611597
59,1.4554039921551947,119.28688212958448,14.477730348378126
60,1.298893696970108,120.5857758265546,12.90681675703204
61,0.005246040623973941,120.59102186717857,13.401059297976444
62,3.3095173654088357,123.9005392325874,10.268629636015973
63,1.1634559875866297,125.06399522017404,12.46097207453013
64,0.29264052264655155,125.35663574282059,13.350410715330712
65,1.1235480794513857,126.48018382227197,6.017589972445254
66,1.5959671736237304,128.0761509958957,9.053442387576645
67,0.7969527688806499,128.87310376477635,6.07914995260135
68,2.5973825007228304,131.47048626549918,9.100924129492961
69,0.6561948372522117,132.12668110275138,14.493250305632062
70,1.2437011847869919,133.37038228753838,5.861613153376361
71,0.46553739330528787,133.83591968084366,7.50232729437135
72,1.9338331720787043,135.76975285292235,11.72181031517875
73,0.49807200360716464,136.26782485652953,14.608456092276631
74,1.2220348466313793,137.4898597031609,8.467928587028302
75,0.30437066994921136,137.7942303731101,14.09016735555253
76,1.1691174592204665,138.96334783233058,13.6486105346814
77,0.9159306514199904,139.87927848375057,11.861314532759565
78,1.853670415488916,141.7329488992395,11.501225021675285
79,0.14165832090822456,141.8746072201477,6.949206889409021
80,1.4783892356093344,143.35299645575705,14.696343973774422
81,0.4058165212728635,143.75881297702992,14.049765322033599
82,0.5074231116928061,144.26623608872274,9.50400214373926
83,1.0301236733564265,145.29635976207916,13.052310000762237
84,0.3872099750678374,145.683569737147,14.967137546445649
85,0.42004998090008544,146.10361971804707,5.220462185330453
86,0.5445707613921358,146.6481904794392,13.755846083854207
87,0.5681686045547153,147.21635908399392,13.188220345552477
88,2.306251503627058,149.522610587621,13.63016769181333
89,2.1807389427510726,151.70334953037207,8.6850113612229
90,0.3586741372338336,152.0620236676059,7.095269861872406
91,1.7480456498665995,153.8100693174725,9.161241150103509
92,0.029067643028263864,153.83913696050078,11.429205109325581
93,0.012666888458280125,153.85180384895907,12.207964393741534
94,1.8167588053706796,155.66856265432975,9.72064919782404
95,0.9453813898560213,156.61394404418576,7.086557495565265
96,1.0632158125532758,157.67715985673902,7.168152930741551
97,0.02413120477754014,157.70129106151657,7.722820836867163
98,0.583479818506965,158.28477088002353,6.210519730386451
99,0.5348265293364053,158.81959740935994,5.661325910663421
100,1.1417338267293633,159.9613312360893,13.716700891454408
101,0.2339145668149521,160.19524580290425,5.4405136481219944
102,1.0648824779117274,161.260128280816,9.091879195014872
103,0.33925615092978584,161.5993844317458,5.298843421652765
104,0.4139323241486735,162.01331675589446,12.11181011218827
105,0.3291382549399776,162.34245501083444,14.441549583586234
106,0.5767934668176598,162.9192484776521,7.627903542106783
107,4.017001505571302,166.9362499832234,8.357349246420712
108,3.7770690340008497,170.71331901722425,12.797852652541817
109,0.28287802884535274,170.9961970460696,13.03076555183683
110,1.1555482568561701,172.15174530292578,14.188712999340472
111,0.0705794319884687,172.22232473491425,5.5903671868570735
112,0.6301665554271257,172.8524912903414,13.268981062475572
113,0.5755057275625709,173.42799701790395,10.457547458361255
114,1.9985190300653255,175.42651604796927,8.599817091810781
115,2.1082704611862217,177.53478650915548,6.499877154543292
116,2.3061747983173206,179.8409613074728,11.337846679985168
117,1.5663463151034793,181.4073076225763,5.244874494672363
118,12.460586585590374,193.86789420816666,7.433219349940644
119,12.608056451991924,206.4759506601586,6.621585991193985
120,20.38001723564281,226.8559678958014,12.566023514626753
121,9.425966194909186,236.2819340907106,9.220129397860612
122,4.2292850314492885,240.51121912215987,7.522379989516651
