1,0.0,0.0,5.219714652554979
2,0.0,0.0,6.45948546285933
3,0.0,0.0,3.7189241063992338
4,0.0,0.0,3.0933292046910603
5,0.0,0.0,4.15249030483766
6,0.0,0.0,4.8496091908819565
7,0.0,0.0,4.125888183754579
8,0.0,0.0,4.492631403438054
9,0.0,0.0,6.096267186188538
10,0.0,0.0,6.158750818678877
11,0.0,0.0,6.686381537184858
12,0.0,0.0,6.757704683491887
13,0.0,0.0,4.220287589636961
14,0.0,0.0,5.532122712359637
15,0.0,0.0,4.581091839517262
16,0.0,0.0,6.276775365536842
17,0.0,0.0,4.080353402600413
18,0.0,0.0,4.436804279563156
19,0.0,0.0,3.791844681777295
20,0.0,0.0,5.522860081999675
21,0.0,0.0,3.8728030035277357
22,0.0,0.0,5.662597062186266
23,0.0,0.0,3.257843780454165
24,0.0,0.0,3.1154097715073705
25,0.0,0.0,3.5877794670367176
26,0.0,0.0,3.636006434130598
27,0.0,0.0,6.281527082104423
28,0.0,0.0,3.683185061932484
29,0.0,0.0,3.490010870851853
30,0.0,0.0,4.768336356114949
31,0.0,0.0,6.93066758375497
32,0.0,0.0,5.266943648622593
33,0.0,0.0,4.6329005608882206
34,0.0,0.0,3.0288519999062236
35,0.0,0.0,4.549013399553169
36,0.0,0.0,6.61531944829501
37,0.0,0.0,5.565811097487022
38,0.0,0.0,6.252571330034426
39,0.0,0.0,3.681420360397014
40,0.0,0.0,5.994586943695449
41,0.0,0.0,6.649101404515387
42,0.0,0.0,3.282656082487058
43,0.0,0.0,5.422890787364569
44,0.0,0.0,3.7459261431695543
45,0.0,0.0,5.3530254687398475
46,0.0,0.0,5.522971015709771
47,0.0,0.0,4.603402259011936
48,0.0,0.0,3.641217626086645
49,0.0,0.0,3.7219078910068366
50,0.0,0.0,4.326624322721871
51,0.0,0.0,5.918063666668418
52,0.0,0.0,6.245882406840851
53,0.0,0.0,5.7192324940420205
54,0.0,0.0,6.2815690285005
55,0.0,0.0,3.8651549004615995
56,0.0,0.0,5.924161484475414
57,0.0,0.0,3.686718156239732
58,0.0,0.0,3.2192952182990373
59,0.0,0.0,5.174502990683731
60,0.0,0.0,5.1926631846187306
61,1.2306442663625332,1.2306442663625332,3.3603110181857905
62,0.3562170696463382,1.5868613360088715,4.737444493292184
63,0.11213400307909223,1.6989953390879637,4.916687035774447
64,0.17990454551829113,1.8788998846062548,5.394399740117164
65,0.34831484989640044,2.227214734502655,6.012012914489041
66,0.4895541598443161,2.716768894346971,5.980572299823031
67,0.11745206279916179,2.834220957146133,3.1823165577937886
68,0.10900417938237873,2.943225136528512,6.803463720732246
69,0.3209492595978151,3.264174396126327,5.746178977359108
70,0.5734119155485723,3.837586311674899,5.50976904897178
71,0.5502084004530201,4.387794712127919,5.18690282282606
72,0.0825808661778158,4.470375578305735,3.1641501175097657
73,0.23359530434223072,4.703970882647965,5.421379832302302
74,0.4040658695318729,5.108036752179839,3.86710311997882
75,0.37326060138931283,5.481297353569151,6.493370577107683
76,0.5114171259114562,5.9927144794806075,4.426671798034825
77,0.035845311183139106,6.0285597906637465,4.8599943277766595
78,0.7538862525266062,6.782446043190353,5.9959560627209765
79,0.9120844184471315,7.694530461637484,5.223272927701762
80,1.8732835230469886,9.567813984684474,3.4059481756783763
81,1.3179063397958057,10.88572032448028,6.4274060494197585
82,0.38981688517880364,11.275537209659083,3.1687778836734446
83,0.22049487410425933,11.496032083763343,6.408801449533389
84,0.04038291307171774,11.53641499683506,4.197741220281143
85,0.35010432006973535,11.886519316904796,6.786655403000866
86,0.26008640927646504,12.14660572618126,4.384600630009866
87,0.546633681480902,12.693239407662162,3.108808936838872
88,0.14035577368397406,12.833595181346135,3.3879065163681954
89,0.002642570847933179,12.83623775219407,3.430651292512476
90,0.7759689457772664,13.612206697971336,3.939011685851873
91,0.447827125312264,14.0600338232836,4.927958575130316
92,0.21791542749322904,14.27794925077683,3.187262832786199
93,0.3461397818820238,14.624089032658853,5.737846279405578
94,0.832345661396984,15.456434694055837,6.620882702296534
95,0.29843665499912425,15.75487134905496,5.396508661307876
96,1.5660288056695189,17.32090015472448,3.0171278655702993
97,1.685657729524141,19.006557884248622,5.837405276970337
98,1.005628199923845,20.012186084172466,6.770994522173419
99,0.9305484578850763,20.942734542057543,4.836103587604267
100,0.14298463329043953,21.085719175347982,4.382505750813937
101,1.7007642575860489,22.78648343293403,5.503748125689366
102,0.03769807972414066,22.82418151265817,3.745497782677226
103,0.062215319231997,22.886396831890167,3.0662629647877604
104,0.16735068040616205,23.05374751229633,4.556407548816285
105,1.1540574592588235,24.207804971555152,4.735994768421802
106,0.7773854482442734,24.985190419799427,5.435956162310324
107,0.37571448749761716,25.360904907297044,4.706274268713694
108,1.3571937074849998,26.718098614782043,4.4561178992857915
109,1.3203021039865566,28.0384007187686,3.224010965556553
110,0.16853541323834578,28.206936132006945,3.76060741026215
111,0.08784832286000971,28.294784454866953,4.97609980297896
112,0.5869080174595875,28.88169247232654,5.508034843411609
113,0.3515120334368517,29.233204505763393,3.9544791388460117
114,0.27536465792600207,29.508569163689394,5.905315310690265
115,0.187783859078632,29.696353022768026,5.697155127095401
116,0.8116596051417916,30.508012627909817,6.1137657186180885
117,0.6423595539888046,31.15037218189862,4.760800824937343
118,0.05159563510797873,31.2019678170066,6.711086478526505
119,2.9050726784492684,34.10704049545587,5.0748519253897175
120,0.04651294457299904,34.153553440028865,3.195463834193776
121,0.8010457678356347,34.9545992078645,3.6942664743773506
122,0.4970458899052277,35.45164509776973,5.637031066429225
123,0.08219073120402758,35.53383582897376,4.247857458282066
124,0.023472942386287096,35.55730877136004,6.125371542298616
125,0.05722888062921659,35.61453765198926,5.921308996610967
126,0.3792600907150449,35.9937977427043,3.864260184123916
127,0.07929424237733884,36.07309198508164,5.111234237447704
128,0.3425950619959918,36.41568704707763,5.878629084783769
129,0.17153875582503794,36.58722580290267,4.830054211198373
130,0.12385691997154835,36.711082722874224,4.200979656636459
131,1.1800597882268222,37.891142511101044,3.4988064153895713
132,0.08467949974995084,37.975822010851,5.176009927042419
133,0.21573083619188077,38.19155284704288,6.121948247339333
134,0.002136772900931623,38.19368961994381,4.660737915437521
135,0.14066119710714317,38.334350817050954,5.628592928616766
136,0.4057717679342356,38.74012258498519,6.138375331298753
137,0.13745285845296132,38.87757544343815,5.42727250152863
138,0.015190606298330802,38.89276604973648,3.5876088791825356
139,1.0675099784547049,39.96027602819118,5.260730210556559
140,0.015515219472588318,39.97579124766377,5.817374870652572
141,0.8037377902445636,40.77952903790833,5.507757330068873
142,0.019172694839947352,40.79870173274828,6.1632006564415445
143,1.0947243539621556,41.893426086710434,4.29779468262233
144,0.5626067016365912,42.456032788347024,3.473961332889156
145,0.5914844661117431,43.04751725445877,4.619853625206504
146,0.03508884634143093,43.0826061008002,4.236440436182357
147,0.22742788171904718,43.31003398251924,3.5070482224350976
148,0.43397943752039037,43.744013420039636,3.3586897359724657
149,0.7653443809012345,44.50935780094087,6.238135274657118
150,0.24509751643514274,44.754455317376014,6.498949829473215
151,0.018705067302801637,44.77316038467882,5.227149868502877
152,1.054819871347547,45.827980256026365,6.382635896041105
153,0.24166214881614637,46.06964240484251,4.429313125705291
154,0.2853463988105538,46.354988803653065,5.658247098447356
155,0.06112420324827183,46.416113006901334,3.5191890800152423
156,0.2589944197196351,46.67510742662097,6.513237728371545
157,1.6402993203422105,48.31540674696318,3.5964632546594215
158,0.1622098596357665,48.47761660659894,4.04390011790103
159,0.3463953196284678,48.82401192622741,3.839105767755741
160,0.21464492225034415,49.03865684847776,6.274425500752311
161,0.2360401160340629,49.27469696451182,4.620274300661658
162,0.20114862462529842,49.475845589137116,6.394611202709234
163,0.07980126139243474,49.55564685052955,6.0123552654373835
164,3.0740328293767463,52.629679679906296,6.444682693273327
165,1.0763070009467488,53.705986680853044,4.92593719061685
166,0.18643412646998414,53.89242080732303,3.045334082612884
167,0.08747103238373527,53.97989183970676,6.493394586118557
168,0.758331048814131,54.73822288852089,4.462263276225952
169,0.12474501374158446,54.86296790226247,5.957350179947891
170,0.2365795825197286,55.0995474847822,6.52548396885339
171,2.345704217003144,57.445251701785345,4.891137816048827
172,0.48016368570649304,57.92541538749184,3.0401471590269393
173,0.09332150787562554,58.01873689536747,6.0104381880273845
174,0.6293227002687832,58.64805959563625,5.835588031895005
175,0.1360720492235219,58.78413164485977,4.898497720063473
176,0.15143677624728827,58.93556842110706,6.497564472408326
177,0.34113209551930845,59.27670051662636,6.837503371634645
178,0.6626419706111287,59.93934248723749,6.783387117990053
179,0.47611479599646134,60.41545728323395,6.778159311766961
180,2.6212418011998073,63.03669908443376,6.364111515078616
181,0.4425673958659326,63.47926648029969,5.837737673216274
182,10.55715202915212,74.0364185094518,5.34397026532931
183,11.365926177731232,85.40234468718305,4.666364645317129
184,2.9022145709950915,88.30455925817813,4.7319271753014105
185,25.196489449746032,113.50104870792416,3.299277519301015
186,1.094872150753263,114.59592085867742,6.018715440569836
187,0.3700997710467164,114.96602062972413,6.217762975512928
188,5.677108770310571,120.6431294000347,4.056245252677183
189,2.8252733755140182,123.46840277554871,5.598898869920433
190,4.044476096284415,127.51287887183312,6.857347297885811
191,2.012065233475275,129.5249441053084,6.399763066919592
192,4.516009484876797,134.0409535901852,4.278496540049758
193,6.016494957044417,140.05744854722963,4.68402720847277
194,1.422847801937862,141.48029634916747,5.274097785778723
195,2.7371106069621836,144.21740695612965,3.5283785949842446
196,8.308109204715361,152.525516160845,6.94858387960597
197,0.6953827810755946,153.2208989419206,5.049350398192004
198,7.680771716284541,160.90167065820515,5.509714293420975
199,0.0650736409855666,160.9667442991907,4.939690358914088
200,17.882223781253536,178.84896808044425,3.3201051750185444
201,6.713687151927225,185.56265523237147,4.080456868988559
202,2.443331705749792,188.00598693812125,4.420609525914396
203,4.744333927620004,192.75032086574126,6.7028374791161385
204,12.867979248793285,205.61830011453455,3.285587090742845
205,9.287326129956854,214.9056262444914,3.541627155240691
206,3.444522231583888,218.35014847607528,3.438818137330482
207,2.238592074216503,220.5887405502918,6.129435838332533
208,2.1186455448435533,222.70738609513535,6.575709193355918
209,9.57668643344035,232.2840725285757,3.0073005203885677
210,3.8296566214223526,236.11372914999805,5.527349365228287
211,5.2764354746038835,241.39016462460194,6.888833824800826
