1,3.596805428850888,3.596805428850888,5.253405571293461
2,1.4641471665796262,5.060952595430514,10.5791804999985
3,0.18949210556774415,5.250444700998258,7.681729321512045
4,10.224074503808641,15.4745192048069,13.142790792788947
5,0.45181575904362553,15.926334963850525,8.360326583970888
6,4.3424549624654585,20.268789926315982,10.54559773298729
7,1.7379680119870946,22.00675793830308,8.428136153249842
8,3.2288106210698917,25.23556855937297,13.01374755694935
9,3.462955239055463,28.698523798428436,7.354541673893844
10,2.3393925403809135,31.03791633880935,10.251649501466881
11,38.957049277220335,69.99496561602969,7.846797904366657
12,0.9723288429536404,70.96729445898333,14.400759413960701
13,0.5964409194129283,71.56373537839626,13.123887530692475
14,0.6002886754630653,72.16402405385932,12.618123979059845
15,1.6768790075652753,73.8409030614246,7.123876850612346
16,0.3303162848796851,74.17121934630428,8.632203852066535
17,2.7246153201703063,76.89583466647458,11.638765109098538
18,1.0065392169108045,77.9023738833854,7.9134429926522465
19,0.758004055830739,78.66037793921613,9.651947082168444
20,0.23482107803750826,78.89519901725365,6.893752691531504
21,0.5496101214490425,79.4448091387027,8.494958732602207
22,0.6082442245587528,80.05305336326144,11.936340696880794
23,1.9320005438324406,81.98505390709389,9.645576655705696
24,0.05190783605119106,82.03696174314507,9.189437632628426
25,0.11136110098948944,82.14832284413455,11.308855071924611
26,0.4244495927345675,82.57277243686912,12.177592759085949
27,1.1930898223450193,83.76586225921413,9.777641480871583
28,0.1607991706731326,83.92666142988726,10.2129542735572
29,0.9083402392446988,84.83500166913196,11.76209494219227
30,0.2670610946443593,85.10206276377632,5.233440928733275
31,0.007501159221980184,85.10956392299829,11.42205780221822
32,0.7302678472438465,85.83983177024214,8.68672276631658
33,0.36961383049736957,86.20944560073951,6.5328229745618485
34,0.9522958433542819,87.16174144409379,12.967431749279722
35,1.0022810135679112,88.1640224576617,14.716391076753487
36,0.6071671303330304,88.77118958799473,8.511349837510787
37,0.07424605035854535,88.84543563835327,6.1216697637546
38,0.4961814497834861,89.34161708813676,5.222362267900454
39,3.823724552557456,93.16534164069421,5.19939395534697
40,0.8109126518118014,93.97625429250601,9.543046799007694
41,2.005097888243107,95.98135218074913,8.596222934421462
42,0.5247756246772468,96.50612780542637,13.039862460310113
43,0.8970651680555907,97.40319297348196,5.69070232698903
44,1.1902657077946062,98.59345868127657,10.636861608615114
45,0.088170636753485,98.68162931803006,7.868681881584095
46,0.323305872616015,99.00493519064608,7.335059893402982
47,1.4488627890333379,100.45379797967942,6.97285209843311
48,0.7433114170809965,101.19710939676042,9.789192601995895
49,0.06561944852891988,101.26272884528935,6.682629875395611
50,0.04269634303609126,101.30542518832543,9.099076693812496
51,3.0811990903248456,104.38662427865027,5.581706189808376
52,0.5855587659225102,104.97218304457279,14.993071614963913
53,1.5401715334404202,106.5123545780132,11.048443009976292
54,0.2970539527297488,106.80940853074296,10.999606514946564
55,0.3948911369538808,107.20429966769684,11.656783637706079
56,0.32005155046918443,107.52435121816603,10.70088695167974
57,1.457998501866231,108.98234972003226,10.531219431013122
58,0.2185883869236578,109.20093810695592,11.607020425770479
59,0.2016639960124713,109.40260210296839,9.23469554494671
60,0.37498208236182157,109.77758418533021,13.191673531901
61,0.4915852496891198,110.26916943501934,12.98348859499211
62,0.07568300205613139,110.34485243707547,13.512591565540957
63,1.4440688255018743,111.78892126257735,6.77749622293863
64,2.5179695597977214,114.30689082237507,13.508504902971328
65,0.36988753088504683,114.67677835326012,11.589656221974003
66,2.1831862396135913,116.85996459287371,9.974886106664353
67,0.11282235291916082,116.97278694579288,13.67203738293308
68,0.3429861968291924,117.31577314262206,12.7778531410903
69,0.5980158062559012,117.91378894887796,13.680841266265896
70,0.26885904552647194,118.18264799440443,11.450326319241626
71,1.279044828141425,119.46169282254586,6.059185031797481
72,1.9791397055048807,121.44083252805073,12.150409420972627
73,0.5248713501816887,121.96570387823242,12.704595751292779
74,0.6944083035276662,122.66011218176008,9.490013734351361
75,0.5280071171593826,123.18811929891946,10.531859517902245
76,0.6587898241083674,123.84690912302783,8.572708498439924
77,0.6125843270934548,124.45949345012129,7.613351737872164
78,3.5057263969897536,127.96521984711104,7.1179710917529135
79,0.2984724453833738,128.26369229249443,6.520835403113132
80,0.9639358719201965,129.22762816441463,12.059615972826553
81,2.171409078344431,131.39903724275905,13.07857415205189
82,0.2241992087011994,131.62323645146026,9.374597293723458
83,0.3903215195805238,132.01355797104077,5.501411947290792
84,0.6829976144576884,132.69655558549846,6.18017285505971
85,0.4860628992687511,133.1826184847672,14.123131172710261
86,2.273641083708112,135.4562595684753,8.635922107640317
87,0.5029696405837006,135.959229209059,11.221145928835465
88,2.185842399727357,138.14507160878637,13.60338132878509
89,0.26791402319355423,138.41298563197992,8.719789815100533
90,0.2201660306926262,138.63315166267256,6.371961368332235
91,0.14294458387834058,138.7760962465509,10.267000306582215
92,0.6248644034999553,139.40096065005085,5.4870036369839745
93,0.9409575782966249,140.34191822834748,7.333312527260248
94,0.014471757923968256,140.35638998627144,6.993566509762591
95,0.5659592482384691,140.9223492345099,8.473505257036633
96,0.6044560738516651,141.5268053083616,5.812904463030617
97,2.8389735304110806,144.36577883877266,9.44163433674104
98,1.2458650432421294,145.6116438820148,9.525861527503706
99,0.04073713929130114,145.6523810213061,8.404198155810858
100,1.0284849426097122,146.6808659639158,12.899839554164288
101,0.29297442981483335,146.97384039373063,5.691398400629277
102,0.23710369712349533,147.21094409085413,9.479255848407746
103,0.989111516671592,148.2000556075257,10.742599602314531
104,0.5385728321755516,148.73862843970127,7.240632454998982
105,1.2367088297270867,149.97533726942837,8.826893895201627
106,1.7522179570794358,151.7275552265078,5.014246098372867
107,1.6963728629094943,153.4239280894173,13.834608936984626
108,2.3110729119828197,155.73500100140012,5.8428977743086
109,0.5086588732056481,156.24365987460578,11.344487757988846
110,0.6408271522592968,156.8844870268651,14.776666312161979
111,0.22196285549763203,157.1064498823627,5.098819502954348
112,0.13970554594118614,157.2461554283039,7.101290893704562
113,0.20994953224432644,157.45610496054823,5.2195235088758904
114,2.209749636970188,159.66585459751843,7.4160110679014215
115,0.05158244322642446,159.71743704074487,8.97447168729621
116,0.2144788877887929,159.93191592853367,12.641199501984293
117,1.1134179486475997,161.04533387718126,9.628319181186535
118,2.435887816762751,163.481221693944,13.094981921121212
119,1.7719745929244366,165.25319628686844,11.363014481249015
120,0.3726125209229193,165.62580880779137,14.67968689253771
121,0.20139610960241436,165.8272049173938,5.000298423390621
122,1.5035327262398657,167.33073764363365,9.425305298731697
123,0.6772421103750271,168.0079797540087,11.198458820969506
124,1.9451357845505095,169.9531155385592,12.019049783901949
125,0.9949317418845733,170.94804728044377,14.004193858750774
126,0.9815003414449363,171.9295476218887,6.311203883241361
127,0.7806589156180699,172.71020653750676,5.704685016191911
128,2.732890728888538,175.4430972663953,10.31308338596385
129,4.631709403677484,180.0748066700728,12.543545871293665
130,1.8519713195332057,181.926777989606,5.5074985916510935
131,0.3169015770350976,182.2436795666411,5.825405672251285
132,0.12654437948656827,182.37022394612768,6.021907443368542
133,5.331737915741003,187.70196186186868,14.547641422354618
134,21.87269469081659,209.57465655268527,13.87232652349114
135,4.5050259195555,214.07968247224076,7.09146429718012
136,8.370223856320768,222.44990632856153,14.438315060501255
137,45.25260862929902,267.70251495786056,10.64851139359471
