1,1.1647450836532882,1.1647450836532882,9.740534647402137
2,1.0657744859006062,2.2305195695538944,6.787562580524339
3,1.8596116946573522,4.090131264211246,9.18329640781753
4,1.693654373113067,5.783785637324313,10.596550684892717
5,3.2401802516547256,9.023965888979038,9.219972489339625
6,5.251830450900378,14.275796339879417,8.3337714652401
7,4.088603820481896,18.364400160361313,5.51253131832604
8,1.3636683848277693,19.728068545189082,5.44063592149047
9,1.7961736333294167,21.5242421785185,8.274437173840532
10,1.2913198967917667,22.815562075310265,11.757792168663336
11,15.725372336579564,38.54093441188983,11.2917523957788
12,1.1728041179576019,39.71373852984743,9.015695903299212
13,9.137093568133958,48.85083209798139,12.219359585143739
14,0.18192362602681758,49.032755724008204,7.891560837742918
15,8.35244392049855,57.385199644506756,7.560417389115353
16,7.916492497881686,65.30169214238845,6.74481952366461
17,0.5839756572970749,65.88566779968552,5.0437366712534235
18,0.634814969449805,66.52048276913533,11.229188186382615
19,1.3380989330652149,67.85858170220054,7.540960747713533
20,1.1007695059712657,68.95935120817181,9.425006063518921
21,0.027955302467302105,68.98730651063912,6.267375970020991
22,0.4877332004335915,69.47503971107271,9.796451538771425
23,0.7365494099646099,70.21158912103732,6.787056428057775
24,0.4426660316297354,70.65425515266706,14.146252829385086
25,3.43100579791577,74.08526095058284,10.010784409719552
26,0.2440716313085692,74.3293325818914,6.890137032101867
27,0.9140782949327407,75.24341087682414,8.459716465456152
28,0.3393901707724152,75.58280104759656,10.357912935518314
29,0.19525505520626088,75.77805610280282,8.003219643459666
30,0.5781276337969938,76.35618373659982,5.745932187359076
31,0.5337629834756155,76.88994672007543,13.269447468208762
32,2.4621978211707884,79.35214454124622,12.956435574496705
33,0.21919264496275376,79.57133718620898,14.287781110828604
34,0.0632069556646876,79.63454414187366,6.5744094910874304
35,0.35418271674517743,79.98872685861883,14.155119601143673
36,0.8884140821111665,80.87714094073,10.005070776539734
37,0.15219699508814113,81.02933793581815,14.291789977932233
38,0.4865458092007865,81.51588374501894,7.101423918992406
39,0.7823082672640628,82.298192012283,5.064295727820357
40,0.1583700496908854,82.45656206197388,9.75816035123339
41,2.0055140644894727,84.46207612646336,13.45603763011317
42,1.001554021784368,85.46363014824773,7.705915647824786
43,0.021092426008225217,85.48472257425595,8.403592682932363
44,0.5036823682667387,85.98840494252269,11.462871820174652
45,1.2300547911478845,87.21845973367057,11.059645168770988
46,1.9020737257850906,89.12053345945566,12.036045480741628
47,1.1294880840317059,90.25002154348736,5.303929388612331
48,0.6224291861651999,90.87245072965257,11.018224215667718
49,0.22244400406184595,91.09489473371441,10.56342183465344
50,4.321084052998053,95.41597878671246,14.55051778093858
51,0.810719514657364,96.22669830136982,10.2929881609031
52,0.11129288435092198,96.33799118572074,14.138103797163218
53,0.3136215538578237,96.65161273957857,13.557674400734435
54,0.7470352256634486,97.39864796524202,13.814841282972775
55,1.002581433446015,98.40122939868803,9.64110756474625
56,0.08364683296588696,98.48487623165391,5.533556476503244
57,0.11951575428934176,98.60439198594325,6.191759903316376
58,1.0993949597894008,99.70378694573266,13.016605635449505
59,0.7101423050848272,100.41392925081749,7.91885779848058
60,1.7648331192188156,102.17876237003631,12.633426498681755
61,1.52599413994217,103.70475650997848,9.419096854023875
62,0.1335952655538932,103.83835177553237,11.18589660967734
63,0.06998888932669937,103.90834066485907,9.512011105657427
64,0.17580550988679408,104.08414617474587,9.474316524722806
65,0.5116398528482673,104.59578602759413,13.365427437776718
66,1.040837613782947,105.63662364137707,11.341267009481928
67,0.2614157364953267,105.8980393778724,13.990173056138792
68,6.319272266275743,112.21731164414814,9.876812606475273
69,4.803405084149484,117.02071672829763,10.777018435708854
70,0.8757472168349743,117.89646394513261,5.531097895867374
71,0.9185560510011024,118.81501999613371,13.668473002074649
72,0.05833902466542806,118.87335902079914,11.174951051095528
73,0.8168997253934368,119.69025874619258,10.996414943287812
74,0.6296676874269408,120.31992643361953,11.136119603424447
75,0.5758254512027923,120.89575188482232,6.004237563113865
76,0.2820695651283546,121.17782144995067,13.429533616384841
77,0.004062204189154304,121.18188365413982,12.087711362227658
78,0.04342949252593384,121.22531314666575,10.24164839446225
79,0.8739329771164298,122.09924612378218,13.276336097854083
80,0.9037617443894725,123.00300786817165,5.987902664910597
81,0.6659462317985964,123.66895409997025,9.325671780887635
82,0.8410619625460993,124.51001606251634,5.814061168081029
83,2.7302042492144283,127.24022031173077,14.627277032435492
84,1.328462711440121,128.56868302317088,14.09683095941502
85,0.4610191018655038,129.02970212503638,5.952871483170403
86,0.9143028533004542,129.94400497833684,8.52577174913233
87,1.208464679834327,131.15246965817116,5.121050997192199
88,4.562656815908392,135.71512647407954,11.565996714458667
89,0.13941439837699915,135.85454087245654,7.590587496111255
90,1.226880982179247,137.08142185463578,6.719055319862326
91,2.6657645832712666,139.74718643790703,13.090390980818631
92,1.097486669775762,140.8446731076828,5.093033208562591
93,1.554682831828882,142.39935593951168,5.6252041954972825
94,3.2148929006133438,145.61424884012501,7.61986344302655
95,0.9660660640935967,146.58031490421862,11.965187382440051
96,0.20645429259984083,146.78676919681845,5.388272460374873
97,1.1795751962166827,147.96634439303514,7.454863329285412
98,0.6372211267099311,148.60356551974508,11.760876057347145
99,0.8543325302899767,149.45789805003506,11.903239074271086
100,0.19010745339043947,149.6480055034255,8.28102066973825
101,1.1181354922655244,150.76614099569105,8.064976184114675
102,8.505870499842133E-4,150.76699158274104,6.450661257646067
103,0.5039716779019131,151.27096326064296,10.87666212607347
104,0.06540356927976139,151.33636682992272,13.545924494506508
105,0.9765750516277629,152.3129418815505,9.925491242882266
106,1.5761740711183132,153.88911595266882,7.126948009254731
107,0.8635105203600281,154.75262647302884,8.6174195210902
108,1.1884131820717143,155.94103965510055,14.994941882268598
109,1.0813445130242272,157.02238416812477,12.204385387365466
110,2.499409521913829,159.5217936900386,8.197339592933913
111,1.0107902142785528,160.53258390431716,13.780699946990504
112,0.3108638638044735,160.84344776812165,13.956455278879409
113,1.0547276954434954,161.89817546356514,10.228218877977355
114,0.7124967879649,162.61067225153005,11.345792783749776
115,2.4913622215031275,165.10203447303317,14.594474145381199
116,0.6503826302221015,165.75241710325528,8.266068590930244
117,1.68558310268761,167.4380002059429,11.898916113977915
118,0.02571283948294406,167.46371304542583,12.429516106565597
119,1.774582723315879,169.23829576874172,7.728344172167832
120,0.6626756511201805,169.9009714198619,5.44416159080353
121,0.13562217882664906,170.03659359868854,11.530201323763908
122,1.4691609748381782,171.50575457352673,8.100688463480713
123,0.8766898025269516,172.38244437605368,12.678806041701026
124,0.5410124890067262,172.92345686506042,9.0208038894901
125,1.0224761884691267,173.94593305352953,10.622796150814342
126,0.5842680144101167,174.53020106793966,14.340686389117556
127,1.05674984865208,175.58695091659175,8.407671574556451
128,0.0035145530813312873,175.5904654696731,6.532888434126724
129,3.3027465999638768,178.89321206963697,11.375257136752161
130,1.3886136320506501,180.28182570168764,5.816180196430701
131,6.905411728743244,187.18723743043088,5.5419029712651335
132,21.517112364097343,208.70434979452824,8.600508999717128
133,1.4587782389430233,210.16312803347125,13.277482953375745
134,1.7157117332687695,211.87883976674001,7.690661545347345
135,11.554809225914264,223.43364899265427,6.335432000777596
136,0.514326203107353,223.94797519576161,6.931821985476537
137,3.5899240789592355,227.53789927472084,13.498480993183174
138,2.048161717799423,229.58606099252026,8.587284800457166
139,8.545214944323611,238.13127593684388,9.502754407078317
140,45.06452525095738,283.19580118780124,9.098372980459619
