1,5.790099836179107,5.790099836179107,8.707682987905164
2,5.407533559597556,11.197633395776663,6.289812319619234
3,8.554889472877052,19.752522868653713,6.82492835455634
4,0.32261071736285074,20.075133586016563,8.617120309345184
5,3.590896503534715,23.666030089551278,8.779664024167106
6,3.4614830379739936,27.127513127525273,7.061952002458861
7,11.575959667473777,38.70347279499905,10.79781650418351
8,13.023250218808428,51.72672301380748,13.274148845619857
9,5.876400120399397,57.603123134206875,8.587530517388217
10,2.6115680816493154,60.21469121585619,11.484035490331554
11,0.7210348559199128,60.9357260717761,7.807329884851417
12,0.8117618575706371,61.74748792934674,14.816704340666684
13,0.6697288143255729,62.41721674367231,6.935967098641065
14,1.194975317125458,63.612192060797774,6.18704996107076
15,1.9941376434812974,65.60632970427908,9.828472970096414
16,2.5203941184678054,68.12672382274688,5.723756218080307
17,0.5661528812688895,68.69287670401577,13.210298811105778
18,0.9077845747201435,69.60066127873591,13.181372522443858
19,0.4814371011757589,70.08209837991167,9.10105380710885
20,0.7100400420892695,70.79213842200095,6.51094775480371
21,0.022525026438220387,70.81466344843916,10.688729067067086
22,0.010448878815315263,70.82511232725447,9.981010582479147
23,0.07889961010715857,70.90401193736163,5.1377914413086145
24,0.8191041307326238,71.72311606809426,6.583064323060652
25,0.14297446456465782,71.86609053265892,7.445941072840058
26,0.46727724174818186,72.3333677744071,13.951001966208416
27,0.3952765660880802,72.72864434049518,9.784728303941318
28,0.6337833013885412,73.36242764188373,9.516919816937056
29,0.8483224147979472,74.21075005668168,8.263211992463805
30,0.24935927341739772,74.46010933009907,14.301090690432392
31,1.1722381616318673,75.63234749173094,13.71238111431697
32,0.11876063572181207,75.75110812745275,5.102798485146078
33,0.5788127566234804,76.32992088407623,13.693875618277945
34,0.6561210800848415,76.98604196416107,10.10396559497007
35,0.7091600496858645,77.69520201384694,13.189011008777262
36,0.06714737823391224,77.76234939208085,13.972255258567536
37,2.4712680716349076,80.23361746371576,14.615399127290697
38,0.013001477333865821,80.24661894104963,8.364600084367625
39,1.9402976514863837,82.18691659253602,10.74859785356852
40,1.538856601387226,83.72577319392325,9.4483418153292
41,0.7118389023415718,84.43761209626481,13.965649519939978
42,0.5471508000235376,84.98476289628836,11.82914547731825
43,0.7577721902473707,85.74253508653572,6.376145891464086
44,0.07588938636230329,85.81842447289803,8.223158061070244
45,2.8682441579270863,88.68666863082511,5.65252162680859
46,0.20618086087828755,88.8928494917034,14.651183472404929
47,0.9239802977161726,89.81682978941957,5.817018805394718
48,0.5277557245498886,90.34458551396946,6.982759672161439
49,0.40771731348899537,90.75230282745846,13.945945466113649
50,0.9848195005035786,91.73712232796204,7.532495598872805
51,0.06783699754438373,91.80495932550643,5.331485511812398
52,0.01814368277427216,91.8231030082807,9.516640213336334
53,0.15639651911732008,91.97949952739802,7.372774200239499
54,0.6367055429962795,92.6162050703943,8.055353350148769
55,0.8463300798767275,93.46253515027102,8.911218385980831
56,0.6601418308349577,94.12267698110598,10.505514348508811
57,1.4110076694187499,95.53368465052473,6.872211700017399
58,2.24318009433098,97.77686474485571,8.78800079801384
59,3.203916795982298,100.98078154083801,14.287455634956169
60,0.3126882364711164,101.29346977730913,9.070962267413933
61,1.4230222293512493,102.71649200666037,5.8244120092725336
62,0.8665887563687532,103.58308076302913,6.688949640234822
63,3.553665945097798,107.13674670812694,13.480261851129441
64,0.43647996283689594,107.57322667096383,5.206724620606966
65,0.7426581572897007,108.31588482825353,13.101134421504089
66,0.3486549317638648,108.66453976001739,8.062287453702833
67,0.6622186328217846,109.32675839283918,8.045135857090155
68,1.2233011386927466,110.55005953153193,12.72575702836937
69,1.9468415623143098,112.49690109384623,5.440475566228353
70,0.0459950796306516,112.54289617347689,12.792896564228371
71,2.532981612919408,115.0758777863963,7.995550877610037
72,4.071973687391889,119.1478514737882,11.182053527717514
73,1.7641100516299926,120.91196152541819,14.79323155977104
74,1.174030485727413,122.0859920111456,6.036219940570252
75,0.5640246465065968,122.6500166576522,12.850722361163635
76,1.4689098943694,124.1189265520216,6.6888513094239865
77,0.5549583559490466,124.67388490797065,12.353299637451016
78,0.2454185210081825,124.91930342897882,7.242937179589987
79,1.2506974083168787,126.1700008372957,10.220425225370143
80,1.390407067609192,127.56040790490489,8.075780302547937
81,2.56612806649949,130.1265359714044,14.494318352899134
82,1.5763681577090323,131.70290412911342,11.424818226487652
83,1.5405045539386364,133.24340868305205,5.1156869371470535
84,0.7812914834456626,134.02470016649772,12.166109813013776
85,0.07153968491209721,134.09623985140982,11.837575091155639
86,2.7564907068147306,136.85273055822455,13.115651806645882
87,1.0308783006967057,137.88360885892126,5.468981201010676
88,2.127286908447744,140.01089576736902,7.939745187594479
89,2.333449862571362,142.3443456299404,9.006844571231333
90,0.4090282905662211,142.75337392050662,5.687113652074452
91,0.5613783612693649,143.31475228177598,10.084774349724352
92,0.6215677023477361,143.9363199841237,14.065307930375413
93,1.4130616525920732,145.34938163671578,7.162471260713965
94,2.4256167783244282,147.77499841504022,11.627511864532888
95,0.66630513961576,148.44130355465597,8.782561079155094
96,0.49141547572046307,148.93271903037643,12.395936195181722
97,1.2116625610120622,150.14438159138848,10.604594973779966
98,0.7685234943097252,150.9129050856982,12.59580276730887
99,1.864247854140828,152.77715293983903,13.972337817331457
100,1.0894743649302443,153.86662730476928,13.789592108848941
101,0.010212887685994664,153.87684019245526,5.8576772438955595
102,2.094393659024069,155.97123385147933,8.148301341388445
103,0.5477895094421891,156.51902336092152,12.727859590609985
104,0.4612442243410245,156.98026758526254,10.032509266369729
105,0.5111346957055537,157.4914022809681,11.852219144588307
106,0.2680435198755695,157.75944580084365,10.208235014090146
107,0.6191775625724,158.37862336341604,10.308510267349806
108,0.15617401622199725,158.53479737963804,10.521928747314657
109,0.9831440908884996,159.51794147052652,5.4812462272249265
110,0.3837072271594729,159.901648697686,5.185934734135204
111,0.40557558037699554,160.307224278063,5.1760323899220175
112,0.043695352162096426,160.3509196302251,6.307202407778732
113,1.4692665217622782,161.82018615198737,7.1324408769833445
114,0.824065633899438,162.6442517858868,11.123485046840209
115,0.0013265652420592774,162.64557835112888,10.035331846482663
116,2.272162895804104,164.917741246933,13.966379593159212
117,0.531891925265626,165.44963317219862,10.584014585141157
118,1.5651010638327072,167.01473423603133,8.606981256508188
119,0.05120517063636952,167.0659394066677,10.965989972531293
120,0.20346157435024398,167.26940098101795,12.015613809294301
121,1.2629119831639695,168.53231296418193,9.980065145442335
122,0.19309229258612834,168.72540525676806,5.6833393622753725
123,1.0240386031458695,169.74944385991392,6.237504678060489
124,3.1469266839927714,172.8963705439067,13.283413585492035
125,0.6531789452808577,173.54954948918757,8.92857697895872
126,0.7754638048046527,174.3250132939922,10.718528116330729
127,0.1828748038800981,174.50788809787232,6.951909631506102
128,0.23731688282195582,174.74520498069427,11.366492428073926
129,0.05192361923271702,174.797128599927,8.525265831641395
130,1.115317410137209,175.9124460100642,7.688104377308783
131,0.2827297739044943,176.1951757839687,9.39872732788093
132,0.27632075932527445,176.47149654329397,14.967114908219363
133,0.4613994606142393,176.9328960039082,10.448950422587796
134,0.08042457242580672,177.01332057633402,7.445898694728163
135,2.2437203942928177,179.25704097062683,14.053331492568727
136,0.057783399381181294,179.314824370008,13.419283653595972
137,0.07041503263633402,179.38523940264434,10.669260366647382
138,0.3234831734389316,179.7087225760833,12.27257641014828
139,0.5340433033724413,180.24276587945573,12.91269593341359
140,2.227934407162176,182.4707002866179,6.520621254005345
141,13.697200969611554,196.16790125622944,13.620851182298777
142,20.256507018513776,216.42440827474323,14.157749368769244
143,12.441693540712981,228.8661018154562,13.112440448849934
144,16.41761750115219,245.2837193166084,9.343681006587373
