1,9.050337166956785,9.050337166956785,12.647707270642103
2,10.262046130218499,19.312383297175284,13.180362729334163
3,2.6623087628902145,21.9746920600655,5.188451950970475
4,1.0551863077898744,23.029878367855375,5.924513932218629
5,0.019561092907142485,23.049439460762517,13.965063756802993
6,17.986237862317157,41.035677323079675,6.175056262594349
7,1.6366728717385806,42.67235019481826,14.360208094431188
8,22.946486540413392,65.61883673523165,10.639797581360625
9,0.7108781638431018,66.32971489907476,8.044729509199119
10,2.8910531926849554,69.22076809175971,7.498791718154517
11,0.8104624917207026,70.03123058348041,14.92425613054722
12,0.418198421278805,70.44942900475921,5.3260250435787135
13,0.5448540419212694,70.99428304668048,14.191372030775902
14,1.1497456378043869,72.14402868448487,14.791276912137766
15,0.5960233282804193,72.74005201276529,6.092006563895064
16,5.012017116733742,77.75206912949903,7.424015027429107
17,0.9204113316254646,78.6724804611245,9.785774751455758
18,4.877433387742162,83.54991384886665,6.705052332438466
19,0.3916035828553032,83.94151743172195,11.56412096430438
20,0.46345794162718307,84.40497537334913,7.509241150394455
21,0.13573499126343241,84.54071036461256,12.981578237322024
22,1.0053745852225369,85.5460849498351,8.073925657080174
23,0.16440257259935578,85.71048752243446,13.072610730950894
24,0.5350989040770023,86.24558642651147,10.674092104543382
25,0.5653738342043083,86.81096026071577,8.079697606115213
26,0.8144663077086404,87.62542656842442,7.908048774309254
27,2.7253885641988034,90.35081513262323,9.911738159136611
28,1.515361028517536,91.86617616114076,8.06774597758697
29,0.6516961901432877,92.51787235128404,10.79154335563659
30,0.23126872615200209,92.74914107743604,11.410636710910218
31,0.3003705705352457,93.04951164797129,9.06949424146258
32,0.25659537258561443,93.3061070205569,10.021386788225147
33,0.14665788521731957,93.45276490577422,8.962152993829125
34,0.1897975589859244,93.64256246476015,13.591490319558584
35,0.16945169003117977,93.81201415479133,14.306240882824516
36,1.236648127612621,95.04866228240395,10.475397484232621
37,0.8365499885945413,95.8852122709985,12.427427244136272
38,0.8606596684027744,96.74587193940127,11.686436321813702
39,1.523687052637311,98.26955899203858,14.46185219259175
40,1.602078338117821,99.8716373301564,14.020459896997185
41,4.378022835965588,104.249660166122,13.286574445178621
42,0.5285460130422256,104.77820617916423,8.471804213234186
43,0.6488471147929408,105.42705329395717,5.577498203533166
44,1.257549788020486,106.68460308197766,10.81777229242024
45,0.3715003023998131,107.05610338437747,6.3407489392538166
46,1.1546129598991002,108.21071634427656,9.807864353977143
47,0.9276895566030856,109.13840590087965,8.635186004465158
48,0.9183773324073368,110.05678323328698,10.487051820312239
49,1.4981333806942418,111.55491661398122,8.767087178089522
50,0.35683593013321274,111.91175254411444,8.374533061571524
51,0.9139252729867497,112.82567781710118,7.563744742750259
52,0.3895114714068365,113.21518928850801,9.757657845843738
53,0.7736391566566577,113.98882844516467,5.853557455918423
54,2.4327976658724304,116.4216261110371,10.022464402628222
55,1.3122251089100732,117.73385121994717,9.816353307091891
56,0.6328441832980983,118.36669540324527,7.509312361091879
57,1.2707393900020063,119.63743479324728,14.49204421927618
58,1.2389021379864882,120.87633693123377,10.72332049237006
59,2.17659989968586,123.05293683091962,14.741934044963559
60,0.3725587856658114,123.42549561658544,13.759622735684143
61,0.1502689204688087,123.57576453705424,6.998366943589223
62,0.335379086232994,123.91114362328723,6.933847567171563
63,1.8196246500975186,125.73076827338475,13.481828369924772
64,2.6308982303827313,128.36166650376748,7.1792452954820485
65,0.5837512183319697,128.94541772209945,8.63082416941564
66,0.5245090359248622,129.46992675802431,5.741892011900931
67,0.21878433402125275,129.68871109204557,14.624004621182259
68,1.8262909135611136,131.51500200560668,10.422872872345595
69,0.7218952005377252,132.2368972061444,8.197067764881211
70,0.9667757230934779,133.20367292923788,10.032115650030715
71,0.8227989724669129,134.02647190170478,12.429384365097363
72,1.1400778388246193,135.1665497405294,8.22817261776331
73,0.9208791827869717,136.08742892331637,14.322118877614749
74,2.1107691313966264,138.198198054713,12.21817327005187
75,2.798022086919501,140.9962201416325,13.966673228463168
76,0.5808184788568901,141.5770386204894,10.521759170325492
77,1.0772320373886846,142.65427065787807,5.0662256005923805
78,1.717980205725036,144.3722508636031,6.770926949579595
79,2.17906905555013,146.55131991915323,13.515315338341988
80,0.5295598157756568,147.08087973492889,6.247593159544412
81,2.184996545904004,149.26587628083288,9.686928337602897
82,0.5181192460909907,149.7839955269239,13.107227592641266
83,0.03244620995470483,149.8164417368786,14.619509037952058
84,0.44698819747636515,150.26342993435497,14.444974469794673
85,2.0328879392399966,152.29631787359497,8.134712814102526
86,1.18829894654029,153.48461682013527,7.537430466223993
87,0.7939300704413568,154.27854689057662,9.306045980599857
88,0.1477074222984359,154.42625431287505,9.190507018160512
89,0.2879109952663854,154.71416530814142,13.563532983511754
90,0.522574033524911,155.23673934166632,6.368582598357749
91,1.714367389848739,156.95110673151507,12.718575090404196
92,0.9376593071418354,157.8887660386569,14.462289917120327
93,0.3965948893722266,158.28536092802915,12.404918716728393
94,1.2343218626506915,159.51968279067984,12.72051223146902
95,0.7976330445891904,160.31731583526903,9.096613707048228
96,3.7061620200524534,164.0234778553215,13.005166190762639
97,1.568436825021082,165.59191468034257,10.105923690107321
98,0.542050057077349,166.13396473741992,6.502651301746949
99,0.883302436591949,167.01726717401186,10.587054962962073
100,0.9233622839420965,167.94062945795395,5.479096403912768
101,0.2459573009130454,168.18658675886698,7.7842666933250415
102,0.4181076933666483,168.60469445223362,14.304309437997183
103,0.5429468118269759,169.14764126406058,13.591218537417957
104,1.3784359379284314,170.526077201989,7.834975920320444
105,1.0808743230156765,171.6069515250047,7.751626240738711
106,0.8185576779198918,172.4255092029246,7.217258212539277
107,0.8110738566435495,173.23658305956815,10.818574050066989
108,1.2388335586719004,174.47541661824005,12.661328139849068
109,2.044896377828249,176.5203129960683,12.937863166698788
110,0.06137823889138109,176.5816912349597,11.416460859334649
111,1.5481922564765025,178.1298834914362,14.236297487374888
112,0.6012619191252919,178.73114541056148,7.058095589195121
113,2.5663393208865943,181.29748473144807,9.218000467027586
114,3.6824594686113916,184.97994420005946,13.980995200903793
115,11.498725688550415,196.4786698886099,11.90507945585591
116,5.69477189863229,202.17344178724218,13.49042955061118
117,2.1270726426000213,204.3005144298422,8.868416542241999
118,0.3877388056656924,204.6882532355079,13.431974307298196
119,15.266413657791611,219.9546668932995,6.575951331019199
120,3.51624167622155,223.47090856952104,9.466235875932634
121,18.66891357055311,242.13982214007416,12.233340158917997
