1,5.454411727771652,5.454411727771652,8.634677974665774
2,21.022181881710374,26.476593609482027,13.668182866424083
3,10.828229094353976,37.304822703836,8.293576024274273
4,0.16036823538324685,37.46519093921925,7.8503752755509515
5,0.8379139938385426,38.30310493305779,13.584196250892644
6,13.147526705009378,51.450631638067165,13.6397095097824
7,16.002788358204413,67.45341999627158,7.339012786847409
8,3.3009304859000137,70.75435048217159,7.767382988969552
9,3.9480042301087583,74.70235471228035,7.813430961098641
10,0.044962303736979695,74.74731701601733,14.696120528848319
11,0.18963696744869704,74.93695398346603,9.738174196592759
12,0.06408981359594078,75.00104379706197,6.570009564212354
13,0.3700130811938837,75.37105687825586,14.122985406446048
14,2.397126998820946,77.76818387707681,5.340154761296814
15,0.691861245437138,78.46004512251395,13.422775211648021
16,1.1997161707578938,79.65976129327184,8.543597848433993
17,0.5164854439782869,80.17624673725012,13.257092050145067
18,0.3288643731845039,80.50511111043463,14.22738296816519
19,3.149308025695972,83.6544191361306,9.719831942836802
20,0.4894456867719961,84.1438648229026,14.95895132071259
21,0.022435056026340293,84.16629987892894,10.171620782531242
22,0.19936619077851336,84.36566606970746,14.903641000939597
23,0.9895051059480724,85.35517117565553,8.717517061999056
24,4.31058200591139,89.66575318156691,12.208561417932227
25,0.6122070395682212,90.27796022113513,11.77303229420392
26,0.9196647161009097,91.19762493723604,8.071802164660529
27,0.49497863931882063,91.69260357655486,12.968325281794936
28,0.5057698453095032,92.19837342186436,9.377366895938385
29,0.541415749625404,92.73978917148976,5.659132488301281
30,1.8932196165616753,94.63300878805144,6.220179597677533
31,0.6538604335821332,95.28686922163358,13.321371555287753
32,1.5183973484603173,96.80526657009389,7.440428554054304
33,1.5721070764407996,98.37737364653469,7.211616452491192
34,7.038106266764482,105.41547991329918,5.443053284299889
35,0.01925277325717507,105.43473268655636,5.639678572428563
36,0.7178219763517936,106.15255466290816,8.71613354105169
37,0.43792965261724887,106.5904843155254,5.574101468285452
38,0.09980259281066087,106.69028690833606,9.106735865770034
39,1.862061113755542,108.5523480220916,5.832274623019322
40,0.5064881768501552,109.05883619894176,10.528018829056077
41,0.01555091778040207,109.07438711672216,14.390952513869252
42,0.6112417664078275,109.68562888313,7.732062111628925
43,0.277075217200045,109.96270410033004,7.790602018525265
44,6.494708670545218,116.45741277087527,7.880698600838039
45,0.08679549937205565,116.54420827024732,11.083279337140889
46,0.9077975621632356,117.45200583241056,7.572630569640695
47,1.1637529555510902,118.61575878796165,9.994336111661926
48,0.16265343968361473,118.77841222764526,7.547508470655609
49,0.3534665182150275,119.13187874586029,14.634862679431533
50,1.202052368545399,120.33393111440569,10.230502288316696
51,1.3977471303058044,121.73167824471149,11.994276620098157
52,0.5416167790441947,122.27329502375568,7.670044110689203
53,1.1157373443980119,123.38903236815369,14.885790344325477
54,0.31701711767424096,123.70604948582793,7.673888451954712
55,0.21643724966896058,123.92248673549689,5.576302324455716
56,0.28972326046422603,124.21220999596112,8.641902953267595
57,0.22401940904535797,124.43622940500647,7.584802448415047
58,2.439503808647987,126.87573321365446,14.932545806697407
59,2.0916868162701023,128.96742002992457,12.907420653168156
60,0.4167855551501892,129.38420558507477,11.050568966014094
61,0.18522605862370725,129.56943164369846,6.898714300164234
62,0.02160285554605671,129.59103449924453,14.091977605669134
63,0.8313563246408455,130.42239082388537,9.409517736001723
64,1.7367700195666855,132.15916084345204,14.054299954651583
65,0.02923095049780053,132.18839179394985,7.640258102446081
66,1.222208383369631,133.41060017731948,12.580842563192721
67,0.2587359194311989,133.66933609675067,5.447456661687004
68,1.7671949723429383,135.4365310690936,12.376370845709436
69,0.4612673052896017,135.8977983743832,11.327652277527847
70,0.12454548950973622,136.02234386389293,11.924692991553872
71,0.6554923134052559,136.6778361772982,14.268382540398711
72,0.5942654050738199,137.27210158237202,6.851271074931615
73,0.4488888114677168,137.72099039383974,11.443106104377527
74,1.3370133582301278,139.05800375206988,13.279133346275998
75,0.39607207551944634,139.45407582758932,5.5803059034602
76,0.8715062399103126,140.32558206749962,8.44251561619673
77,2.5930689193963157,142.91865098689593,5.214502517872304
78,0.1777411883567355,143.09639217525267,5.362049468106079
79,1.0529866003709172,144.1493787756236,12.01897864802583
80,0.5311825782490776,144.6805613538727,13.453155489422773
81,0.13839103534308095,144.81895238921578,8.057267284668601
82,0.4476938413529367,145.2666462305687,14.437812575380395
83,2.47983402681659,147.74648025738531,9.946088523554517
84,2.8377873877216033,150.5842676451069,6.997538637365215
85,0.7406754268429273,151.32494307194983,14.028210687015392
86,0.3217279631941979,151.64667103514404,13.174130018081877
87,0.28235714494876446,151.9290281800928,10.581851025404482
88,0.12567702641976003,152.05470520651258,13.072130838960428
89,0.8540716531257533,152.90877685963832,9.554027137663319
90,0.9298796079843386,153.83865646762266,13.775278820571305
91,2.194981151384911,156.03363761900758,9.155483304033398
92,0.3917305520468721,156.42536817105446,10.972782068880624
93,0.46181971532281746,156.88718788637726,13.774219919517462
94,0.02206870513807284,156.90925659151534,13.798072119886148
95,0.15164432237694495,157.06090091389228,9.13466211152164
96,0.026346779783414268,157.0872476936757,13.102457222651974
97,0.2538102936276463,157.34105798730334,8.35312304242158
98,0.9185707270727516,158.2596287143761,14.328495460225264
99,0.41761429797222915,158.67724301234833,12.86293218247307
100,1.1759241612887117,159.85316717363705,8.687211770007117
101,0.9081028003743679,160.7612699740114,5.090198593115182
102,1.053942702009335,161.81521267602074,12.341125140721081
103,0.5061282949959823,162.32134097101672,14.94264274820203
104,3.4004019458832597,165.72174291689998,12.574013644321683
105,0.047469746985188854,165.76921266388518,8.071864488304419
106,2.1678822015579295,167.9370948654431,7.423199283152781
107,1.6487398047204591,169.58583467016356,9.380183373187219
108,1.125583689216489,170.71141835938005,7.720665706755376
109,1.3664316739040014,172.07785003328405,9.654861952307696
110,0.3199468353846074,172.39779686866865,6.2115304782134375
111,1.7941854587183028,174.19198232738694,8.32501388326764
112,0.1891323627579136,174.38111469014484,9.349790821827117
113,0.12399859826484823,174.5051132884097,14.229132929418595
114,0.04389501738322535,174.5490083057929,14.096927313324777
115,2.0960345919635155,176.6450428977564,6.872726826212405
116,0.08830147620852173,176.73334437396494,6.549605166870318
117,0.9072979225506689,177.6406422965156,5.070061803291375
118,3.9017804747063822,181.542422771222,8.409602641896825
119,1.7157723950436257,183.2581951662656,9.418589345970334
120,11.254589858360744,194.51278502462634,8.007140559433758
121,22.255397628024202,216.76818265265055,11.190715358905027
122,1.9639575057149439,218.7321401583655,14.068613394767006
123,6.827024985061025,225.55916514342653,11.320207138570623
124,10.996892015782255,236.5560571592088,13.582217227197797
125,9.182240606189648,245.73829776539844,11.75546240022755
