1,11.231048299869038,11.231048299869038,9.4320297594066
2,3.5325671276074626,14.7636154274765,13.547363553701596
3,0.3923992750894228,15.156014702565923,11.695642338483776
4,7.293485947205889,22.449500649771814,12.91883489345515
5,8.833420077013876,31.28292072678569,6.882950366867259
6,5.361748793481396,36.64466952026709,8.553905512245265
7,7.70219472267641,44.3468642429435,13.818845758249944
8,1.6771531966429065,46.0240174395864,10.17958398309495
9,9.31440586459345,55.338423304179855,10.322195534606706
10,10.180509655704045,65.5189329598839,7.006724636130431
11,0.661121846951952,66.18005480683586,10.611825341781113
12,0.4640919216906608,66.64414672852652,9.075923807342102
13,0.7084081227382225,67.35255485126474,7.303490783817774
14,0.9547087149349561,68.3072635661997,8.620179676909855
15,1.2904980867062676,69.59776165290596,10.701548012421252
16,4.055675201045577,73.65343685395153,11.950957791976382
17,0.23216260616251078,73.88559946011404,10.955285500226283
18,0.037441999327373354,73.92304145944141,12.864171840990295
19,0.21879033920823504,74.14183179864965,5.886067948738961
20,0.029295223382499888,74.17112702203215,6.983503173160022
21,4.238194927605956,78.40932194963811,5.675179831782585
22,0.5143437217415944,78.92366567137971,12.697010559777574
23,0.7296608297587873,79.6533265011385,12.112026146829475
24,0.34211152629719327,79.99543802743568,9.824004705831465
25,0.4550810638967414,80.45051909133242,14.95622667341124
26,0.06854257245621379,80.51906166378863,9.656252498492652
27,1.4489599070246375,81.96802157081328,9.439832722892625
28,0.9333434550617279,82.90136502587501,13.342745428992961
29,2.0260811938269563,84.92744621970196,6.129365509014911
30,0.28216311305837466,85.20960933276034,9.938765606566538
31,1.648813793919695,86.85842312668004,12.64250491106549
32,0.06347152727734827,86.92189465395738,9.026981803720222
33,0.21102589827718862,87.13292055223457,12.244091592053262
34,0.94237874056766,88.07529929280223,12.982188108086739
35,0.48013165810051495,88.55543095090275,11.523444413330713
36,1.2881442198374706,89.84357517074022,9.276605716555649
37,1.1242647007724016,90.96783987151262,14.051369704890567
38,0.29091663706509563,91.25875650857772,5.117290511598633
39,1.1079216680608404,92.36667817663856,6.21310242004734
40,0.6668360500153294,93.03351422665389,9.271168952708006
41,0.27248937947593616,93.30600360612983,10.471710192979884
42,0.5747062673562677,93.8807098734861,9.824599180547537
43,0.14728708620413591,94.02799695969023,7.462537066051985
44,1.0259387122438064,95.05393567193403,8.819557191952626
45,0.6841157260746898,95.73805139800872,11.575678286667484
46,0.19730501149653917,95.93535640950526,14.501928152571573
47,1.5127135059383876,97.44806991544365,6.853993482217321
48,0.25699123490231635,97.70506115034597,7.073013777910432
49,0.6325226015570512,98.33758375190303,9.912542871816337
50,0.9721133443476142,99.30969709625064,14.122925400453392
51,0.6371776108071568,99.9468747070578,10.887297402674971
52,0.11374354473231091,100.06061825179012,6.458876692895602
53,0.5570235365810389,100.61764178837116,7.870748023773334
54,0.03547405718049618,100.65311584555165,10.845897733018838
55,0.8353157491298896,101.48843159468154,14.558050167225701
56,3.265706535946144,104.7541381306277,13.768300761230345
57,0.3132984548132518,105.06743658544094,14.359220134564012
58,2.4928334435890234,107.56027002902997,9.193523032371475
59,0.5703921477006507,108.13066217673061,12.942836205132542
60,0.22216745705504576,108.35282963378566,6.988932409845038
61,0.6287000973343924,108.98152973112005,13.650499084775646
62,0.629011876290643,109.6105416074107,14.927446596282493
63,1.132972482999084,110.74351409040978,11.634252172596874
64,0.5505355821814208,111.2940496725912,9.366956784420188
65,0.20089054007841323,111.49494021266962,6.581305956784943
66,2.2576537673254746,113.7525939799951,9.32643261712379
67,0.16301453593029253,113.91560851592538,10.013960697711202
68,0.47499619597612747,114.39060471190152,11.065019788798796
69,0.33269426587369977,114.72329897777522,5.160319279738589
70,0.7133707160500629,115.43666969382528,13.153776423004398
71,2.492296351029909,117.92896604485519,9.479669103543582
72,1.146573082612666,119.07553912746785,5.901393816769373
73,0.05468569975243865,119.13022482722029,9.439260940165635
74,0.7951837374583535,119.92540856467865,6.771090392397595
75,1.4097732805498293,121.33518184522848,12.295072341583126
76,1.877662398155576,123.21284424338405,14.14765966147203
77,0.18726142012144997,123.4001056635055,11.456933303119431
78,0.709516643692108,124.10962230719761,7.617665143382614
79,1.2187721962893578,125.32839450348698,9.078523302064944
80,1.436308637523627,126.7647031410106,9.981207744900903
81,0.7909058319231428,127.55560897293374,14.348667047739623
82,0.3994179230510725,127.95502689598482,6.643245975638635
83,0.47875034446724335,128.43377724045206,14.345630731180227
84,2.563914883363197,130.99769212381526,14.413290984998321
85,0.6982496667908025,131.69594179060607,10.08563175643274
86,0.9029628350311331,132.5989046256372,6.930701783016535
87,0.03094594855499117,132.6298505741922,14.73311667962402
88,1.8242019908971892,134.4540525650894,14.39201037297915
89,0.10994223243538605,134.56399479752477,11.536054749739968
90,2.320265681053646,136.88426047857843,11.289693175208232
91,0.8590640798954502,137.7433245584739,11.072378844482651
92,0.5109157026903823,138.25424026116426,12.475158411983879
93,0.0718640547705087,138.32610431593477,8.013753886105999
94,2.065439603797583,140.39154391973236,11.370487089771995
95,0.015737015796804588,140.40728093552917,6.300106784370786
96,0.13720800397200333,140.54448893950118,5.010742435703742
97,1.6685142000048845,142.21300313950607,9.894087373149393
98,3.1192281358589264,145.332231275365,14.085707302417157
99,0.5112979702505014,145.84352924561549,13.169308345623508
100,2.467793410666171,148.31132265628165,9.0265533559221
101,0.9626740923588818,149.27399674864054,7.094485943289632
102,1.0788892538449053,150.35288600248543,8.40266530003318
103,0.9770039334740508,151.32988993595947,12.070091061974932
104,1.2426492626974346,152.5725391986569,5.981998956812768
105,1.2656546952767047,153.8381938939336,11.866091850495138
106,2.1172987393953133,155.95549263332893,9.646752910870628
107,2.566065656601408,158.52155828993034,14.908047952704226
108,1.1237942045609077,159.64535249449125,6.552925116858407
109,1.6736642050393102,161.31901669953055,13.921548632672785
110,2.603244040713044,163.9222607402436,10.588095378214462
111,0.642682784514922,164.56494352475852,7.242114714319757
112,0.725688488405287,165.29063201316382,11.720783387296326
113,0.19415240729793357,165.48478442046175,9.703636755988033
114,3.339838691709738,168.82462311217148,5.533701413891792
115,0.6152339368160722,169.43985704898756,6.603936780186098
116,0.4498311539147095,169.88968820290228,14.279356107889601
117,0.6135627467182453,170.50325094962054,10.397005038139625
118,0.526930044946659,171.0301809945672,10.588788043954967
119,2.3705542771439525,173.40073527171114,6.504031132990332
120,0.22170688563925653,173.6224421573504,8.916437315915145
121,1.3289685132564415,174.95141067060683,6.106554884861022
122,1.150575573796628,176.10198624440346,5.360062416539738
123,0.6493485155053441,176.75133475990881,12.789125676422206
124,3.244188352941942,179.99552311285075,8.935066319636224
125,2.007394060158121,182.00291717300888,11.983378132396595
126,14.940506881170828,196.9434240541797,5.096143489996541
127,0.9737906153635322,197.91721466954323,6.828896743983208
128,24.741393347154123,222.65860801669734,5.668975750969772
129,1.056532313319925,223.71514033001728,9.3381717352001
130,1.221654329017378,224.93679465903466,5.764546522184619
131,0.7605169885452873,225.69731164757994,10.001678496966939
132,13.381335988134884,239.07864763571482,10.267567749888915
133,28.632783284698316,267.71143092041314,7.444465264875343
