1,0.0,0.0,5.698428930243161
2,0.0,0.0,5.729781425863143
3,0.0,0.0,5.583832975251475
4,0.0,0.0,3.1986536250522173
5,0.0,0.0,5.875399674110379
6,0.0,0.0,6.992622062339125
7,0.0,0.0,3.7635423153206413
8,0.0,0.0,5.84946709681314
9,0.0,0.0,3.9404499014873484
10,0.0,0.0,4.382839754876834
11,0.0,0.0,6.2340054537724345
12,0.0,0.0,3.5947012971910577
13,0.0,0.0,4.391365413749892
14,0.0,0.0,6.221389085602068
15,0.0,0.0,4.819697588543434
16,0.0,0.0,4.728048049665712
17,0.0,0.0,4.717707067966222
18,0.0,0.0,5.550386272580546
19,0.0,0.0,5.854294095207962
20,0.0,0.0,5.782255709075347
21,0.0,0.0,4.815647516994135
22,0.0,0.0,6.851853747341573
23,0.0,0.0,5.658391977076116
24,0.0,0.0,4.867164744585727
25,0.0,0.0,5.616063209929864
26,0.0,0.0,4.653172443290167
27,0.0,0.0,6.194368500126742
28,0.0,0.0,4.119368296828359
29,0.0,0.0,6.355043659946336
30,0.0,0.0,3.03212786465676
31,0.0,0.0,4.533484937956901
32,0.0,0.0,4.03298694748232
33,0.0,0.0,4.595582328251632
34,0.0,0.0,6.400034559542783
35,0.0,0.0,5.778254273396279
36,0.0,0.0,6.0662108326675686
37,0.0,0.0,5.122292600257969
38,0.0,0.0,3.8053977474908347
39,0.0,0.0,3.6844771296825893
40,0.0,0.0,6.194006980355164
41,0.0,0.0,4.49121095942468
42,0.0,0.0,5.209694408380424
43,0.0,0.0,4.595830569450909
44,0.0,0.0,6.510523831798732
45,0.0,0.0,3.576051091075269
46,0.0,0.0,3.215753494304446
47,0.0,0.0,4.157777935742212
48,0.0,0.0,3.420302088283496
49,0.0,0.0,4.578167626086151
50,0.0,0.0,5.68082773990491
51,0.0,0.0,6.541602775505417
52,0.0,0.0,6.199513763202484
53,0.0,0.0,4.637885422974581
54,0.0,0.0,5.881453212025203
55,0.0,0.0,6.1973726443535195
56,0.0,0.0,6.2421152916210145
57,0.0,0.0,6.551314645818449
58,0.0,0.0,4.639286447706812
59,0.0,0.0,5.047932602096487
60,0.0,0.0,6.048509036301528
61,0.0,0.0,6.442356997040427
62,0.0,0.0,3.5223927987130117
63,0.0,0.0,5.681158455188504
64,0.0,0.0,3.771781559198472
65,0.0,0.0,3.2997488272021758
66,0.0,0.0,6.578845129573537
67,0.0,0.0,3.4552179591403362
68,0.0,0.0,6.630544914703209
69,0.0,0.0,4.50955277735056
70,0.0,0.0,3.783027353049277
71,0.0,0.0,4.0789376658430045
72,0.0,0.0,4.21279149733062
73,0.0,0.0,3.344219618484001
74,0.0,0.0,3.5433644069825982
75,0.0,0.0,6.321011488695907
76,0.0,0.0,5.864300909351963
77,0.0,0.0,3.532072748390762
78,0.0,0.0,6.768092600979324
79,0.0,0.0,4.639277159202722
80,0.09000553042683858,0.09000553042683858,5.805687679886829
81,0.8274968009267977,0.9175023313536362,3.8759654046079577
82,0.5470677001070966,1.4645700314607328,6.191488774555074
83,0.6630596407524075,2.1276296722131405,4.876358930297226
84,0.05344453240028903,2.1810742046134295,4.134852708958991
85,0.3792069194941767,2.560281124107606,4.358240991369809
86,1.3061030587775464,3.8663841828851524,3.266880915504735
87,0.2735982500588061,4.139982432943959,3.4240954233157774
88,0.6739082164996583,4.813890649443617,3.635874798433567
89,0.38781485117505227,5.201705500618669,3.318971744877448
90,0.013196064350553392,5.214901564969222,6.901074056890794
91,0.4543561397176541,5.669257704686876,4.349885109260962
92,1.863607514052604,7.53286521873948,5.005294165595226
93,0.22477386096326768,7.757639079702748,5.369569128580721
94,0.2659345166359972,8.023573596338744,6.469523584518173
95,0.575656493331386,8.599230089670131,5.584691740649581
96,0.20167498040281034,8.800905070072941,5.332990043337757
97,0.22323846046592694,9.024143530538868,3.5132960091459156
98,0.9719024520510016,9.99604598258987,3.116233972956171
99,0.04127988664255061,10.03732586923242,6.117041476593152
100,0.4569269098139799,10.4942527790464,5.8806649453589905
101,0.1844392103761081,10.678691989422509,4.737803330006695
102,0.006363290408767826,10.685055279831277,6.989498072673698
103,0.24556547580828375,10.930620755639561,3.7914329077375992
104,0.049399620815351285,10.980020376454911,5.000286677509594
105,0.04254089327079933,11.02256126972571,5.504582089239451
106,0.16321673616080667,11.185778005886517,4.571473966237903
107,0.8752997222709975,12.061077728157514,4.279140666397794
108,0.8293325442817926,12.890410272439306,3.1693447976657025
109,0.6000110558779741,13.49042132831728,4.599132509438585
110,0.2727041680710984,13.763125496388378,6.041558164826138
111,0.17370785398227173,13.93683335037065,6.311111172961887
112,0.661894055068379,14.598727405439028,6.898280804215668
113,0.7058386699617556,15.304566075400784,5.983889721898542
114,0.29339427494869674,15.59796035034948,6.46407585160649
115,0.41637632431355825,16.01433667466304,4.636122859825093
116,0.08108170994386982,16.09541838460691,5.946010484141535
117,0.6747624964946329,16.770180881101542,3.199959145263803
118,0.04190453044068625,16.812085411542228,6.82136190116133
119,0.5207681080493796,17.33285351959161,5.484009919008562
120,0.36884855059425603,17.701702070185863,6.262400127411199
121,0.05573560638634728,17.75743767657221,5.599861140171922
122,0.09716361200243546,17.854601288574646,4.28159477525877
123,0.3438382906572287,18.198439579231874,6.40083158542808
124,0.0656322642063246,18.2640718434382,5.725037265499461
125,0.5531972311049114,18.81726907454311,6.255923276224483
126,0.07068861915849059,18.8879576937016,4.2593042628354585
127,1.6792694876933094,20.567227181394912,4.542866946452617
128,0.14148269075714914,20.708709872152063,4.191787229325119
129,0.3470333253719798,21.055743197524045,5.7635906088884745
130,0.6492186638955404,21.704961861419584,5.635754759921133
131,0.2904842665085302,21.995446127928115,5.121383376058933
132,0.9828090316747032,22.978255159602817,3.906073201405762
133,0.3688446126761214,23.347099772278938,5.742799508258331
134,0.0937941380791132,23.44089391035805,5.077991654116834
135,0.21436861282756803,23.655262523185616,4.395957695188143
136,0.07829072183853272,23.733553245024147,4.790087592140448
137,0.4892128791815624,24.22276612420571,6.820215434615411
138,0.01647887487395216,24.23924499907966,6.803383426955032
139,0.4159042499692702,24.65514924904893,5.9526622386463375
140,0.7622109959199032,25.417360244968833,3.0814166784498465
141,0.25101165464420794,25.668371899613042,4.740829228036954
142,0.11727318102731714,25.78564508064036,4.695210031496437
143,0.2907224583588594,26.07636753899922,5.68680736400196
144,0.9515346695340046,27.027902208533227,6.580992567731286
145,0.5030879361662752,27.5309901446995,4.587525487821863
146,0.9526931559615064,28.483683300661006,5.76935767016313
147,0.4282394081468371,28.911922708807843,5.166217251117075
148,0.3212574602748776,29.233180169082722,4.259623950613889
149,0.12757976801130322,29.360759937094024,3.3229736195834856
150,0.16386741829826917,29.524627355392294,3.319833632531841
151,2.015645859674271,31.540273215066566,3.634663808022005
152,0.10144098502454268,31.64171420009111,3.335897504634626
153,1.159896196591141,32.80161039668225,4.6971741293749965
154,0.38500317704439196,33.18661357372664,3.1814712490511785
155,0.5604015893833277,33.747015163109964,3.564695317943458
156,0.48226714521815156,34.229282308328116,6.431508052550485
157,0.22001228163413386,34.44929458996225,4.415486786574707
158,0.4508766748300169,34.90017126479227,4.969023842114622
159,0.030158054547844818,34.93032931934012,5.835495853455474
160,0.04454617628839754,34.97487549562852,6.751884502549439
161,0.1490577838740764,35.123933279502594,5.076970080756662
162,1.1744921576208405,36.298425437123434,5.078419637071615
163,1.543219658364226,37.841645095487664,5.971084720775215
164,0.6417445885829358,38.4833896840706,5.443122020350888
165,0.9202614999269879,39.40365118399759,3.3701064066334787
166,0.27873626540696256,39.68238744940455,3.4084416092714105
167,0.43716021803089056,40.11954766743544,3.525695087863544
168,1.0460691426008042,41.16561681003625,5.865598336107708
169,0.09023327905556208,41.25585008909181,3.766184085893844
170,0.09367401352940932,41.34952410262122,6.586371845371298
171,0.9080939696257684,42.257618072246984,5.12431333390853
172,0.1611977445984098,42.418815816845395,5.452320618990587
173,1.579044996100146,43.99786081294554,4.051756744253531
174,0.32777315804044027,44.32563397098598,3.634422177503537
175,0.029711176612146735,44.35534514759813,4.711716200046917
176,0.4981560884589651,44.85350123605709,4.510626543422829
177,0.09124772751898486,44.944748963576075,4.490605999329031
178,1.1269481411137545,46.07169710468983,6.652889937240531
179,0.023819963094947272,46.095517067784776,4.409578105896481
180,1.1057270235929864,47.20124409137776,4.763835387894591
181,0.32588704139604824,47.52713113277381,6.288358150930603
182,0.25387341600766633,47.781004548781475,6.493572923079878
183,0.4490173869772631,48.230021935758735,3.7787120848645768
184,0.5671590692207977,48.797181004979535,6.983163726484111
185,0.6675222629284556,49.46470326790799,5.8622332585889305
186,0.20444988434786318,49.66915315225586,4.07306862702603
187,1.855251286873208,51.524404439129064,4.998657590125682
188,0.37107462225464655,51.89547906138371,6.9487141349977986
189,0.3738746659608726,52.26935372734458,4.107319027384566
190,0.08270651988363487,52.352060247228216,4.654987167752022
191,0.3098212373852178,52.66188148461343,3.5528969578037612
192,0.3885724396022037,53.05045392421564,4.4380888754397265
193,0.6878824259722357,53.73833635018787,5.415367632088959
194,0.5711070704257509,54.309443420613626,3.6733904156577024
195,0.004596657384742315,54.31404007799837,3.2553470451406703
196,0.6577853222218975,54.97182540022027,6.240747220012413
197,0.7885430398301385,55.76036844005041,4.627506696712654
198,0.45681589906096776,56.21718433911138,3.998200855437922
199,0.13143961976572086,56.3486239588771,4.678158143213427
200,0.3013550414468783,56.649979000323974,5.066830502422654
201,0.1816012937934,56.83158029411737,3.777167186892735
202,0.06375223934921068,56.895332533466586,4.459931178937429
203,0.4512822531392185,57.346614786605805,3.8117522816907385
204,1.652716806300546,58.99933159290635,3.1383886465453923
205,2.382012496146141,61.38134408905249,3.6814510074643234
206,3.1724156421059386,64.55375973115842,6.331065521952595
207,3.393416209342577,67.947175940501,6.3093132484729235
208,7.304853231720304,75.2520291722213,5.58318665649411
209,0.04891402546772391,75.30094319768902,6.587838206095958
210,16.985148479269366,92.28609167695839,3.4265331293792345
211,5.167280526627579,97.45337220358597,5.116190411438913
212,4.445454107547604,101.89882631113358,6.144628000652485
213,3.1626558716962845,105.06148218282986,3.0670565047022817
214,5.206384830448073,110.26786701327794,5.307084707315296
215,0.5910397403707411,110.85890675364868,6.276513833460127
216,3.996535559980765,114.85544231362945,3.744567564721314
217,10.09367711143332,124.94911942506278,6.451226112589282
218,0.14281957192598518,125.09193899698876,4.20899448522093
219,6.350823954856963,131.44276295184574,4.985571831046977
220,1.8177604309867843,133.26052338283253,6.154866321617422
221,2.135277996469429,135.39580137930196,4.675784356763741
222,0.19543772816321797,135.59123910746519,5.85901603666715
223,2.322741710135595,137.9139808176008,3.870303344562684
224,1.2512317611320523,139.16521257873285,5.580485041801081
225,1.7646303840870081,140.92984296281986,6.647834266212586
226,0.1661535598602994,141.09599652268017,3.2060693573980474
227,7.161204661932054,148.25720118461223,5.291534949590096
228,1.1401583867485114,149.39735957136074,6.963657863102545
229,0.1528696211639914,149.55022919252474,3.1550344505596875
230,11.537111180963251,161.087340373488,6.87338455058301
231,1.4963473186401317,162.5836876921281,5.895233773077766
232,0.10003649283387968,162.683724184962,6.571490073847227
233,1.1995138732592197,163.8832380582212,5.388372186267986
234,3.460940689791154,167.34417874801235,5.359651087958351
235,15.302233324558873,182.64641207257122,4.99799985438592
236,2.7456031963583456,185.39201526892958,6.54064462244853
237,0.5174561371940679,185.90947140612366,4.078700911321771
238,0.9640973049520487,186.8735687110757,6.4198148182986365
239,1.24518687162787,188.11875558270359,4.869880944358899
240,1.0753050670275592,189.19406064973114,4.181586822665331
241,0.10146302815290889,189.29552367788406,6.545377800606133
242,0.01192731212531925,189.3074509900094,3.8321052913297313
243,13.714853100244968,203.02230409025435,6.304439357928969
244,0.30085955683635784,203.32316364709072,3.6101389525462317
245,1.9832023909867689,205.3063660380775,3.294849990064327
246,2.553735589152046,207.86010162722954,4.5116773996999555
247,9.275279026328361,217.1353806535579,5.280617985891054
248,4.916748822571301,222.05212947612918,6.5492906114072555
249,2.353258766027663,224.40538824215685,5.351690691950631
250,1.5712738645157,225.97666210667253,4.9941706724414505
251,7.051790924635576,233.02845303130812,4.081628432566278
252,9.649957631059205,242.67841066236733,3.54775199661969
