1,2.0968514186636176,2.0968514186636176,9.430586479981304
2,1.032205144144971,3.1290565628085885,5.624887789157756
3,2.8927396508797076,6.021796213688296,8.5863724909529
4,4.392025575261613,10.413821788949909,11.773320860664501
5,5.164248558182516,15.578070347132424,11.840419833866237
6,1.36974333589133,16.947813683023753,12.881052418677912
7,3.678990217034927,20.62680390005868,10.12214589756163
8,1.7490569310169017,22.37586083107558,13.736286228895938
9,1.1936835004536108,23.56954433152919,9.016765215013843
10,0.22086351865667625,23.790407850185865,5.319260887760517
11,3.5630083650829754,27.35341621526884,5.717827529182861
12,6.2905989590871325,33.64401517435597,8.115295386264652
13,4.195512430041795,37.839527604397766,11.23955480387284
14,1.5393256119862913,39.37885321638406,6.1330742743514115
15,1.3709262490747267,40.749779465458786,7.773345016800857
16,0.7442384900679091,41.494017955526694,11.71711599088913
17,9.763750232527519,51.257768188054214,13.83962266534408
18,5.481806723111254,56.73957491116547,6.600487802222093
19,0.6688334079662082,57.40840831913168,5.246208403031307
20,10.008419510641822,67.4168278297735,11.165916963872153
21,1.4620853678783723,68.87891319765187,14.05598648106184
22,0.8781476552220427,69.7570608528739,9.709382133108537
23,0.029994681135502327,69.78705553400941,14.459883246203747
24,0.06455221533843473,69.85160774934785,10.304070770429792
25,0.38885512377127335,70.24046287311913,6.709684835943392
26,0.9649447646916598,71.2054076378108,12.731023946981338
27,0.18845719778521874,71.393864835596,5.426686092960028
28,0.5670088046942269,71.96087364029023,5.017409501525153
29,1.369497394550736,73.33037103484097,11.092878630618648
30,1.3789710320112787,74.70934206685224,14.942305840339337
31,1.2615992088039127,75.97094127565616,11.90010675999024
32,1.5968864602868091,77.56782773594297,8.253142476245216
33,0.0518095409735136,77.61963727691648,7.819879431699107
34,3.1866873809772276,80.80632465789371,6.602586020238515
35,1.745731796133476,82.55205645402718,14.113826317334103
36,0.3188589737599797,82.87091542778715,8.074420734732588
37,1.1199415160330704,83.99085694382022,5.114207593278435
38,2.553233324113094,86.54409026793331,6.568126489877066
39,0.047738821569252333,86.59182908950257,9.730505115642224
40,0.1864803478458983,86.77830943734847,5.090834800889722
41,0.007193825476892269,86.78550326282536,10.9325733703308
42,0.6544783837449806,87.43998164657035,13.822294343925094
43,0.2517664353764679,87.69174808194681,12.971931150989144
44,0.09929215676794816,87.79104023871476,8.262972754209398
45,2.370605244801252,90.16164548351601,13.033187424606767
46,0.5581789769502321,90.71982446046624,12.39945666355293
47,4.213805503102273,94.93362996356852,6.846885544468423
48,0.9289303168910051,95.86256028045952,8.752661888134874
49,1.1453092447225295,97.00786952518204,14.45859437916053
50,0.11574211152454497,97.12361163670658,10.655167024041912
51,0.9222421571839883,98.04585379389057,6.869699123113637
52,0.4655485370796272,98.5114023309702,6.054702288166901
53,0.7687698547195414,99.28017218568974,11.868142350120081
54,3.1380804230875143,102.41825260877725,14.3145013126356
55,1.1968277390465387,103.61508034782379,14.52982260143007
56,0.931342083129099,104.54642243095289,12.419054159509908
57,1.0733036451786404,105.61972607613153,9.809038787885356
58,0.9981127990347741,106.6178388751663,12.910367396281188
59,0.00868301272697945,106.62652188789328,9.2408664476295
60,0.8022295777845839,107.42875146567786,5.5833772221157165
61,1.277449300045507,108.70620076572337,14.85669954737843
62,1.6357481909163096,110.34194895663967,11.980601384147468
63,0.8750789520789117,111.21702790871858,13.471863294982883
64,0.46434553268856554,111.68137344140715,9.84756899143381
65,0.04610929737841456,111.72748273878555,9.5624661834913
66,0.2352140282550758,111.96269676704063,13.601754426693454
67,1.116899198951665,113.0795959659923,11.95012378234371
68,1.4254814083507823,114.50507737434307,11.393178154875919
69,1.7581845976008361,116.2632619719439,10.154572718417928
70,0.8970081609374094,117.16027013288131,12.232213250187566
71,0.24839364692603902,117.40866377980734,11.567225886567087
72,0.11967839539992943,117.52834217520727,14.443453693634215
73,1.153161365750593,118.68150354095786,10.6795920848416
74,1.0429263438810001,119.72442988483887,8.901237978311453
75,0.1004659566755509,119.82489584151442,8.001385950256982
76,0.6473560717531935,120.47225191326761,8.078511038041478
77,0.033506070459797456,120.5057579837274,9.413848878543362
78,0.47299829367035484,120.97875627739776,11.6019067062487
79,0.8533881960005975,121.83214447339836,5.120301060846835
80,4.033780913044915,125.86592538644328,7.151124361274617
81,1.1153558322548134,126.98128121869809,5.076872657472986
82,0.11523091985348774,127.09651213855157,14.073459613854919
83,0.1902437313602681,127.28675586991184,7.213965813489139
84,1.130387345057667,128.4171432149695,6.514207742978153
85,3.9362360397795806,132.3533792547491,10.598368353539536
86,0.23534085645534264,132.58872011120442,9.708662927715062
87,1.172847710607351,133.76156782181178,8.521175168064957
88,0.07064456876362629,133.83221239057542,14.874101248838597
89,0.1892911012322137,134.02150349180764,14.978537845932104
90,1.8450951310535937,135.86659862286123,7.835141147542155
91,0.3306197917827981,136.19721841464403,9.699343953895815
92,0.46184747431879236,136.65906588896283,11.40639077614513
93,0.007158228737673882,136.6662241177005,7.006957685157328
94,0.4696431043303012,137.13586722203078,5.660092632853119
95,0.49303343511556025,137.62890065714635,5.13658355781649
96,0.35042247623810957,137.97932313338447,7.353350045024309
97,0.007634775219579452,137.98695790860404,10.273331960992877
98,0.10284978437002186,138.08980769297406,14.004832138696795
99,0.5326729614940309,138.6224806544681,13.859042925510526
100,0.5745751933142931,139.1970558477824,7.885698858413001
101,0.20172535758621138,139.3987812053686,10.842272909591667
102,1.4786064559389176,140.87738766130752,13.623920222347506
103,0.4167412257394071,141.29412888704692,7.349306255669537
104,0.15420205809232598,141.44833094513925,12.500876642317753
105,0.385716381686488,141.83404732682573,13.418850570040252
106,1.3247783920214344,143.15882571884717,9.399454250355923
107,1.8053025455990763,144.96412826444623,8.405277023763382
108,1.563588820321815,146.52771708476806,10.604231986133355
109,1.1901144835542319,147.71783156832228,11.91787461510265
110,0.7964980464023734,148.51432961472466,14.156983484550876
111,0.6499794283817557,149.1643090431064,7.154444607404113
112,1.0044366358823122,150.16874567898873,13.662220110387803
113,0.3058157280987238,150.47456140708746,11.583277566451637
114,6.596193117394047,157.07075452448152,14.810538438310608
115,0.965663322984681,158.0364178474662,11.509471844222016
116,1.1352789066398918,159.17169675410608,6.145409654172306
117,1.8398367132703641,161.01153346737644,5.742017661264654
118,0.8108845405014212,161.82241800787787,8.411256585241222
119,0.6819761563609473,162.50439416423882,14.527325141833304
120,0.5055990978113033,163.00999326205013,12.73864082997474
121,1.871961959013962,164.8819552210641,6.058863285562409
122,0.4181795129067072,165.3001347339708,11.518116484171722
123,0.9283964821780164,166.2285312161488,9.353505417311325
124,1.267077866720291,167.4956090828691,12.174776031867047
125,0.3956895589115787,167.89129864178068,12.831734132600797
126,0.15501065585286364,168.04630929763354,8.801639158304013
127,0.19236313995589785,168.23867243758943,11.844328429243811
128,0.13579897794807205,168.3744714155375,13.999591616463011
129,0.615866061518784,168.99033747705627,5.41835899144055
130,2.5961167032731622,171.58645418032944,9.212790914890604
131,0.9720435255488358,172.55849770587827,11.575140901456287
132,0.37375805289326586,172.93225575877153,11.469080354603728
133,0.46076659180709145,173.39302235057863,5.302680729314321
134,1.6708926174491499,175.06391496802777,12.503379160796104
135,0.9853118838021516,176.04922685182993,13.943392232195034
136,4.315865253990194,180.3650921058201,14.99542257611228
137,0.8845190739003739,181.2496111797205,9.406860719054459
138,8.198853547332712,189.4484647270532,8.590405151199002
139,5.540055992525542,194.98852071957873,5.907175661134212
140,4.398121647872351,199.3866423674511,5.78778816467341
141,8.618381465461608,208.00502383291268,8.760490503068123
142,14.417170664916451,222.42219449782914,8.566660218490533
143,13.453845441382967,235.8760399392121,5.924619645568029
144,6.881596825520693,242.75763676473278,10.075657524844802
