1,1.8206710809393338,1.8206710809393338,7.510157329623404
2,12.674227276483299,14.494898357422633,10.159538720227538
3,3.0599239971212606,17.554822354543894,8.369976510890016
4,5.1567035127842775,22.71152586732817,11.691141801533707
5,13.273232492300798,35.98475835962897,9.312122006090405
6,5.794589583608506,41.779347943237475,7.2126580956540165
7,11.671632458915393,53.450980402152865,12.544316870664218
8,7.817238954089856,61.268219356242724,8.217634574873959
9,1.846204995029832,63.114424351272554,8.632569978353114
10,5.5077818464498245,68.62220619772238,12.442739608453044
11,0.11733533990560095,68.73954153762797,7.252457314677559
12,0.9114443785938948,69.65098591622187,5.914178162594399
13,2.3606382452922823,72.01162416151415,10.876115386940697
14,2.0950187651635113,74.10664292667767,14.165691502466842
15,0.40277926733691854,74.50942219401459,8.092178270874825
16,0.4426158473970847,74.95203804141167,7.137900122415388
17,1.569221778575126,76.5212598199868,12.173807728574547
18,1.0390781785243273,77.56033799851112,12.201783705483116
19,0.4079318259850133,77.96826982449613,14.004729603098955
20,0.4329744014381299,78.40124422593426,14.548890542173599
21,0.10410399495086126,78.50534822088512,7.927050674154454
22,0.12743330708804673,78.63278152797317,8.995251442932165
23,0.42042945125459097,79.05321097922776,13.65279307452202
24,0.9756204716927164,80.02883145092048,6.713049329306395
25,0.2592293092301716,80.28806076015064,11.55791501706251
26,0.10015209939058019,80.38821285954123,6.451444895914101
27,0.4616653329073841,80.84987819244861,7.747538258018216
28,0.581021396366803,81.43089958881542,13.847783880995426
29,0.16979143380560946,81.60069102262104,6.30974586075312
30,0.30709643074882254,81.90778745336986,9.473282858672565
31,1.4205369935921182,83.32832444696199,5.393738126246513
32,0.3932650105740065,83.721589457536,7.744460344229563
33,0.6447471194968237,84.36633657703283,9.421370081770956
34,1.513910945443062,85.88024752247588,14.931654431123945
35,0.7161213300154495,86.59636885249134,12.277550307608596
36,2.6953440182248385,89.29171287071618,8.370389910865736
37,0.4634233058623646,89.75513617657855,9.424630068664666
38,3.696305676215187,93.45144185279374,7.94825122997621
39,1.8236288770190292,95.27507072981277,10.288783996749414
40,0.3755362346118362,95.65060696442461,9.206429899787569
41,3.72980473835058,99.38041170277519,9.314129449934166
42,0.36625135477787,99.74666305755306,6.538197211269771
43,0.15580994251663535,99.9024730000697,9.09320634333465
44,0.1210726098990722,100.02354560996878,10.626853580198613
45,2.2792848302708486,102.30283044023963,11.888971729641298
46,0.3343026339259614,102.63713307416559,8.285037215928766
47,0.03907458152776172,102.67620765569335,13.219041615286484
48,1.8409103503284647,104.51711800602182,11.424169696388025
49,0.08233180910832513,104.59944981513014,14.294868556633526
50,0.9365375679821395,105.53598738311229,14.648951947069962
51,0.07387809833525706,105.60986548144754,7.796268075836932
52,1.0463767816507006,106.65624226309825,7.50801987355814
53,0.33036146029248503,106.98660372339073,5.249587944236214
54,1.1171951880279283,108.10379891141866,8.40333196842892
55,1.6325891294084285,109.7363880408271,11.174079725536599
56,0.17877293386059318,109.9151609746877,9.357584713011134
57,0.14376231534449951,110.0589232900322,11.427684264990958
58,1.3972793564592936,111.45620264649149,6.019347120477675
59,1.1943001817083925,112.65050282819988,10.773576382274452
60,3.024914443407385,115.67541727160726,10.759562930473699
61,3.9444737475305227,119.61989101913778,6.115056650746844
62,0.7365607521027695,120.35645177124056,11.06985360557887
63,1.252988868005523,121.60944063924607,6.37536405080787
64,0.8235137280047297,122.4329543672508,9.590198517087066
65,0.2574715191816016,122.69042588643241,12.802389709300597
66,1.9882628526073312,124.67868873903974,13.39051895742429
67,0.024694181284460208,124.7033829203242,14.920692073172141
68,3.939988335200786,128.64337125552498,10.783282305127972
69,0.10684597800843093,128.75021723353342,11.97223686402641
70,0.29898873883775673,129.04920597237117,11.12537032986453
71,1.211262439863836,130.260468412235,8.52338021502024
72,0.24924130929848476,130.5097097215335,12.065159648523853
73,1.6889046286553835,132.1986143501889,7.479139949318241
74,1.1867821125347244,133.38539646272363,12.694406624678177
75,0.32225258283962277,133.70764904556324,6.202239986028032
76,1.950116811344789,135.65776585690804,14.673236892613893
77,0.8682236672929043,136.52598952420095,13.418345480974338
78,1.1808937946666307,137.7068833188676,8.437321377778018
79,2.0562134070872595,139.76309672595485,5.410256031419757
80,0.8901738356019099,140.65327056155675,6.069227202599928
81,0.09245973621084773,140.7457302977676,5.64929488838358
82,3.049510084996919,143.79524038276452,6.206883809927933
83,0.9597956436488345,144.75503602641336,12.708505333204695
84,2.148637485010685,146.90367351142405,12.84412492347505
85,0.5371376848303222,147.44081119625437,7.997421068915301
86,0.17865618144171214,147.61946737769608,11.778920738333625
87,0.6467105520089109,148.26617792970498,12.353239965923006
88,2.132069280203799,150.3982472099088,13.5513980436612
89,1.127167677086337,151.52541488699512,6.428826867563741
90,0.5365149640777254,152.06192985107285,14.169561174571347
91,3.446729473499874,155.50865932457273,13.427294199567083
92,0.7881155412363358,156.29677486580906,9.206541468749926
93,1.1017120258439108,157.39848689165296,14.072252864702453
94,1.0270682570912573,158.42555514874422,10.405116364245593
95,6.952755976525308,165.37831112526953,7.167526574817854
96,0.4076031765068162,165.78591430177636,7.437034276479297
97,0.43220917633371064,166.21812347811007,11.35509881923442
98,1.6183919639538908,167.83651544206396,14.917862040680541
99,0.12202857536026,167.9585440174242,8.63549292235069
100,0.43552820214307564,168.39407221956728,11.42449547931902
101,0.586159934657288,168.98023215422455,8.175767233716263
102,0.5458873068464714,169.52611946107103,9.724439722031489
103,0.8813213863421563,170.4074408474132,7.504087210661378
104,1.1557574608145234,171.56319830822773,10.05865406637273
105,0.022034755287245522,171.58523306351498,6.496939301500814
106,0.07273005129756518,171.65796311481253,14.888652086811442
107,2.8948649109498565,174.55282802576238,5.711475680177086
108,0.6752902771504679,175.22811830291286,12.81509741297215
109,4.8392481505350675,180.06736645344793,10.764266756781774
110,13.414721548013846,193.4820880014618,11.714110974559246
111,3.2897605731770483,196.77184857463885,7.061740265016573
112,54.22843239378517,251.00028096842402,6.986714529438322
