1,7.488655063429474,7.488655063429474,10.83489323515991
2,4.929499147158606,12.41815421058808,14.762845403175444
3,6.731239893952638,19.14939410454072,9.90006770042866
4,6.255479209581556,25.404873314122273,7.1047590676307255
5,3.574669158006988,28.97954247212926,10.653130772752192
6,0.6726903513984674,29.65223282352773,14.117752292783829
7,13.714274147597344,43.36650697112508,7.300381938016088
8,1.2977251808244974,44.66423215194958,13.405943807005187
9,2.9695252322053673,47.63375738415495,13.395725072394951
10,0.8644317555895775,48.498189139744525,11.250576589961003
11,1.4846355426451234,49.98282468238965,14.544293821338472
12,7.990881918968409,57.97370660135806,12.107188731251913
13,3.8025925768931996,61.77629917825126,13.295773912303089
14,0.7867516969609067,62.56305087521216,5.479457154772383
15,0.5759231569980159,63.13897403221018,12.754779462495396
16,0.09582991511935994,63.23480394732954,11.986985463185693
17,0.5826715460240949,63.81747549335363,10.576512809499965
18,0.47956588618083856,64.29704137953448,10.899209399534753
19,0.8846125620346731,65.18165394156915,9.419610926436125
20,0.18503736327488154,65.36669130484404,14.654780856727223
21,0.7322928367317383,66.09898414157578,5.625225491277516
22,1.5760010804495796,67.67498522202537,10.609519871170406
23,0.26499539634805086,67.93998061837343,5.9278571319901605
24,2.8685586072717584,70.80853922564518,12.594877543795874
25,0.8566798460374278,71.6652190716826,11.597188513028655
26,1.530727557542843,73.19594662922545,12.298755236141492
27,0.1831343611235581,73.37908099034901,14.218532961404634
28,0.4918915230359531,73.87097251338497,13.730736050914384
29,0.28313808004567326,74.15411059343064,13.354112778560351
30,0.028571546311118145,74.18268213974176,8.136481669377801
31,0.6359707731971987,74.81865291293896,14.708875110099173
32,0.06558280764177915,74.88423572058073,6.783280194764776
33,2.035432250835827,76.91966797141656,13.449875430132451
34,0.15951244490497046,77.07918041632153,14.056844420760164
35,0.011109673385707262,77.09029008970724,8.250756498687684
36,2.775882941383217,79.86617303109045,5.573604528572847
37,0.6426644945366541,80.50883752562711,11.808717330948133
38,0.1873968547512892,80.6962343803784,8.374330031324245
39,0.051894333194876595,80.74812871357328,7.417256390190241
40,0.12623383610466812,80.87436254967795,12.87779343911786
41,0.5876920976912124,81.46205464736917,12.775527567370645
42,0.6513128650810621,82.11336751245024,11.1424162289049
43,0.470038115991848,82.5834056284421,14.187796747063977
44,0.09421858339403993,82.67762421183613,12.773617977192275
45,1.017655368413221,83.69527958024935,6.6640916882766
46,0.1368016761671608,83.83208125641652,6.829107573958339
47,0.22401202970284262,84.05609328611936,9.678551466718545
48,0.13416868004423743,84.1902619661636,10.049707660030407
49,0.041723848429677524,84.23198581459329,14.504336223678258
50,2.5616796006062748,86.79366541519956,13.032634800646136
51,1.4465980461002712,88.24026346129983,6.13082978614008
52,0.44068267984600057,88.68094614114584,12.541036902048091
53,0.50864340883165,89.18958954997748,7.677420647454952
54,0.05405394312239776,89.24364349309988,9.734711503948104
55,0.49877248017062287,89.74241597327051,8.45534805550049
56,1.2037305611721154,90.94614653444263,10.606191866585633
57,1.3094327187290868,92.25557925317172,14.446381780269743
58,0.11557780072289305,92.3711570538946,9.846114028425959
59,0.6400728283010638,93.01122988219566,9.038172053775192
60,0.866378910346789,93.87760879254245,8.710122983567945
61,1.53798450131783,95.41559329386028,5.035496129743471
62,0.5173468083894003,95.93294010224969,12.263298347271462
63,1.1322367484128346,97.06517685066252,12.559914949457472
64,2.609722817384679,99.6748996680472,7.867980975604539
65,1.510096723088362,101.18499639113557,14.212421258260937
66,1.335182029258714,102.52017842039429,6.0219492413579285
67,0.24829444708364581,102.76847286747794,13.320443102559068
68,1.1954416652465458,103.96391453272449,7.784231706151566
69,1.0649780583214683,105.02889259104596,7.208152483340944
70,0.04840554802795257,105.07729813907392,14.209929652234294
71,0.5584131090527052,105.63571124812663,10.92466850919844
72,0.6024614681684908,106.23817271629511,12.0155825513154
73,0.5210696097770338,106.75924232607214,13.542533928725009
74,0.7856211662799191,107.54486349235206,8.247476239706058
75,0.5070582494870848,108.05192174183915,7.721661040899038
76,1.2379371490810311,109.28985889092019,8.38886019698525
77,0.1459114829010348,109.43577037382123,10.051179009903164
78,3.1735194665308897,112.60928984035212,12.42844706547289
79,0.3982956423452627,113.00758548269738,8.322187263046164
80,1.316822258093696,114.32440774079107,5.623997359866562
81,0.3631753719869529,114.68758311277803,8.577843962889967
82,0.06427453943847262,114.7518576522165,11.771046917305378
83,0.8760323557080358,115.62789000792453,14.161520044793468
84,0.36699449430122666,115.99488450222576,14.04874253596264
85,1.9357916340708117,117.93067613629657,11.585225308476337
86,0.6104114829575596,118.54108761925413,8.843965715807428
87,0.90145833660365,119.44254595585778,14.458421393137332
88,0.3737128442612202,119.816258800119,13.525161065814732
89,0.21348333311942363,120.02974213323843,10.307354885559779
90,0.07115566457912387,120.10089779781755,6.165913706445192
91,0.6317140509949913,120.73261184881254,10.579493848667056
92,0.4923135129374646,121.22492536175001,10.167638049734975
93,0.07159774847568234,121.29652311022569,6.054558258543682
94,0.6358319972238105,121.9323551074495,14.551258000704369
95,0.29676504439824036,122.22912015184774,6.811922367773345
96,0.03998845104301697,122.26910860289075,8.63279363467785
97,0.9831536315973382,123.25226223448809,9.27930119228774
98,1.2613371185559927,124.51359935304407,9.848324739228694
99,1.3535683911876162,125.8671677442317,6.648468193039548
100,0.7519274476370762,126.61909519186877,7.049077286339872
101,0.20210985833612582,126.8212050502049,7.7165910275341485
102,0.4129579343563663,127.23416298456127,8.606717779177952
103,0.5169543483131707,127.75111733287444,6.261640694088522
104,0.5400163138492563,128.2911336467237,10.711251605054606
105,1.3128681681441368,129.60400181486784,10.304001030800688
106,0.2599483910268152,129.86395020589467,10.98309657007179
107,2.849509493352303,132.71345969924698,13.147087634730655
108,2.000872180235914,134.7143318794829,6.1459758615055415
109,0.2047154809083439,134.91904736039123,7.79374895034622
110,0.18095180459451415,135.09999916498575,13.192403817779791
111,0.7123931516770875,135.81239231666282,10.956161884396504
112,0.016149743795608275,135.82854206045843,10.597765725961642
113,0.8900932086522034,136.71863526911065,6.1280319353172175
114,0.8627789686087752,137.58141423771943,9.139923842042753
115,0.955107348877039,138.53652158659648,10.67851120798382
116,0.06991862292557349,138.60644020952205,7.503405524992695
117,0.5072879468308529,139.1137281563529,6.434106674164655
118,1.2585030498311705,140.37223120618407,9.429921981937705
119,0.08763203195343619,140.4598632381375,7.404233345493246
120,0.5433844022253403,141.00324764036284,7.647044369456925
121,1.7658802464120116,142.76912788677487,8.997259801920347
122,0.2613138646667047,143.03044175144157,6.528266421063186
123,0.5443968743371678,143.57483862577874,12.5753533569274
124,0.9045482529136607,144.4793868786924,12.754436829827029
125,3.6017845468529157,148.0811714255453,9.293974959693934
126,0.6638369207643535,148.74500834630965,11.747370115973109
127,0.3252210211733432,149.070229367483,5.2099259197847205
128,0.8079053588571867,149.8781347263402,11.291079831416798
129,0.022585804391419054,149.9007205307316,12.509297921022048
130,0.15502072892675575,150.05574125965836,9.933748998934771
131,0.9167785863510316,150.9725198460094,12.56030269719619
132,1.6406082093660603,152.61312805537546,6.9376283760603785
133,0.16479827113995665,152.7779263265154,13.479947627277756
134,0.09005312588306243,152.86797945239846,10.991143302963136
135,1.5914152591274646,154.45939471152593,14.531728679884804
136,0.2564780631637093,154.71587277468964,13.826003518657012
137,0.0584722110972583,154.7743449857869,8.185762548072155
138,0.5184072250799452,155.29275221086687,10.644165475529245
139,4.539859692135065,159.83261190300192,5.3870147668124035
140,1.0321866365164496,160.86479853951838,11.755407598910212
141,1.2623931674576747,162.12719170697605,5.477483303245626
142,1.3558342344431336,163.48302594141919,13.464411541163564
143,0.3492083423942547,163.83223428381345,9.600563227546209
144,1.6182957948610108,165.45053007867446,7.171460516215953
145,1.3878764443046483,166.8384065229791,5.351754610976029
146,0.4035971799575861,167.2420037029367,6.012278999303624
147,0.8787929220851171,168.12079662502182,7.888215995017912
148,0.11616498804302484,168.23696161306486,9.786874259601099
149,2.045347123678468,170.28230873674335,5.014930675258846
150,0.3984244633752728,170.68073320011862,7.162732022330105
151,0.9678517084113787,171.64858490853,9.376812041496645
152,2.5895501269177177,174.23813503544773,5.265887133072766
153,1.1391746246810925,175.37730966012882,11.182122812202174
154,2.9296745955841224,178.30698425571293,6.341795740773498
155,0.49454721386761386,178.80153146958054,5.749736096234541
156,0.30839377736400286,179.10992524694453,10.194028157176028
157,1.4512483781125018,180.56117362505702,7.172227338920988
158,12.539024618611682,193.1001982436687,14.333562005822666
159,0.8812852914377388,193.98148353510643,5.619737079817484
160,22.715432100126286,216.69691563523273,8.403052535819814
161,16.458593142539893,233.1555087777726,8.125926581062265
162,1.7130142556792651,234.86852303345188,10.58026211080367
163,2.570031844859942,237.43855487831183,13.753307424032403
164,5.7790421626160215,243.21759704092784,11.15968879070447
