1,2.3176677617833628,2.3176677617833628,6.9371898755879755
2,15.098660085546797,17.41632784733016,12.567656464203113
3,3.3821766420211032,20.798504489351263,12.380499981009542
4,10.750334652317903,31.548839141669166,12.800345362150107
5,13.246136074814405,44.79497521648357,7.379041754160537
6,0.8984565563132579,45.69343177279683,7.435249908306606
7,1.0087730963858597,46.70220486918269,5.765157589165683
8,1.9089340405467992,48.61113890972948,14.691118883967873
9,3.3153937163408873,51.92653262607037,10.916129024513287
10,6.729072098139054,58.655604724209425,7.091788392295777
11,2.0296459570860867,60.685250681295514,9.056417920760696
12,0.49685465625704084,61.18210533755256,8.651323831801912
13,2.2805733599904885,63.46267869754305,7.224659701420616
14,0.8369124764623166,64.29959117400537,7.144355553797304
15,3.1600514562978117,67.45964263030318,11.937606487366763
16,0.44671185364546173,67.90635448394865,10.153753316281936
17,0.5237515647498853,68.43010604869853,6.232170819280665
18,1.2753057528500955,69.70541180154864,9.319199917924855
19,0.03783052747625034,69.74324232902488,5.954332119145938
20,0.25188256828964484,69.99512489731453,5.562884157948741
21,1.75824602841417,71.75337092572869,14.032628362360168
22,3.200093909854072,74.95346483558276,6.2390746658369345
23,0.6749113075146287,75.6283761430974,6.201098012787875
24,0.04041661998288362,75.66879276308028,8.281736434763058
25,2.8670201728450637,78.53581293592534,8.932803701807586
26,0.7237755365834054,79.25958847250874,9.457897267107862
27,0.32874491429623587,79.58833338680498,10.531469751409372
28,1.4677616197433523,81.05609500654833,13.980148981575262
29,0.8305024906433702,81.8865974971917,12.00920072380789
30,0.2952180340234027,82.18181553121511,7.589336449033852
31,1.782405005754523,83.96422053696963,7.988641935526596
32,0.9981015426471591,84.9623220796168,10.64070642094994
33,2.371094403839587,87.33341648345639,12.870585295580536
34,0.5152374679454687,87.84865395140186,6.546612833623322
35,2.516400284908567,90.36505423631043,8.483841251663033
36,0.7345143181887999,91.09956855449923,5.953709281820551
37,0.22727990650914362,91.32684846100837,7.519419437455854
38,0.4065070955482329,91.7333555565566,8.306651101389631
39,0.11501522885370215,91.84837078541031,11.156766382727977
40,0.1973780914250802,92.04574887683539,8.430843150260516
41,0.1199775425686927,92.16572641940408,11.370093344883493
42,1.849340772346365,94.01506719175045,10.529081712265576
43,1.7251366610127048,95.74020385276314,14.661208880440524
44,5.959384582092145,101.69958843485529,12.115451422180133
45,0.31926653009808775,102.01885496495338,7.71288759385677
46,0.6303581774037018,102.64921314235708,11.72185193807913
47,0.9193522391909706,103.56856538154805,10.795028745464931
48,0.5128469948083992,104.08141237635645,9.219462770711354
49,0.6500146750498966,104.73142705140636,10.785002014971752
50,3.162429854199494,107.89385690560584,5.141942797890092
51,2.3058831624774987,110.19974006808334,13.513907242032174
52,2.2995290569629656,112.49926912504631,9.903490637246033
53,1.887655767059429,114.38692489210574,6.316169324795138
54,0.16251737289693396,114.54944226500267,10.495861406563064
55,0.9568883691509584,115.50633063415363,11.543096911623874
56,1.0078738252912127,116.51420445944484,7.329894766788602
57,0.29845797867012397,116.81266243811497,14.021867191276172
58,1.9417177844119495,118.75438022252692,8.184919312554602
59,0.6609277102331574,119.41530793276007,12.875375733909392
60,0.08926497351364644,119.50457290627372,8.631117690388539
61,0.14126564953855994,119.64583855581228,7.3397027813468005
62,0.8211498531650995,120.46698840897737,14.796156811904197
63,0.13748323834717333,120.60447164732454,10.221271938538603
64,0.02051376963385577,120.6249854169584,14.262051702141871
65,1.6334641156041536,122.25844953256255,6.451078300930028
66,0.29997508856485416,122.5584246211274,10.573928380116898
67,1.628159699556579,124.18658432068398,13.775923838476691
68,0.2795735006968991,124.46615782138088,13.260498154699471
69,2.058559064584509,126.52471688596539,5.1598943098844945
70,2.5274958056170536,129.05221269158244,11.418517948433108
71,2.1693652270112462,131.22157791859368,10.28178211585449
72,0.8051512042507133,132.0267291228444,12.120922201137615
73,0.8450882111551231,132.8718173339995,6.237126945439073
74,0.024355346130258106,132.89617268012975,14.179565566924186
75,0.651327508419099,133.54750018854884,12.415168229041107
76,0.2526037941984643,133.80010398274732,9.146648322356992
77,0.024443503092717842,133.82454748584004,13.739823108421463
78,0.36058291963324757,134.1851304054733,14.056342495808508
79,1.4062353409858166,135.59136574645913,8.885184575871085
80,2.490468880526684,138.08183462698582,10.366613042371906
81,0.3710234531533506,138.45285808013918,8.069901209066725
82,0.2343993749988684,138.68725745513805,6.998026183351911
83,0.931585268098546,139.6188427232366,11.3789488380669
84,2.694938284823733,142.31378100806035,5.33621074367119
85,1.235742885703983,143.54952389376433,14.977919843115993
86,3.123806997198489,146.67333089096283,9.59453089345157
87,0.09730752526849584,146.77063841623132,10.884623617248277
88,1.062747738478295,147.83338615470961,8.293070074906002
89,1.8010092618568527,149.63439541656646,11.061815053789358
90,0.2626741062490943,149.89706952281557,11.876430870118522
91,2.3152310397639986,152.21230056257957,7.448894751997862
92,0.6527301636879653,152.86503072626755,8.422513868823145
93,1.8695627872109053,154.73459351347844,13.365858893555815
94,1.6041531966649976,156.33874671014345,6.170078171716478
95,0.9195685382204405,157.25831524836389,11.655909435326357
96,1.0340157953704114,158.2923310437343,11.197545012643161
97,0.8663839215533393,159.15871496528763,7.692574372343685
98,1.0971045367876684,160.2558195020753,5.9389939589274405
99,0.07125746409080688,160.32707696616612,5.6397645450429525
100,0.3538179830372223,160.68089494920335,8.998808353271404
101,0.15838241155719207,160.83927736076055,10.801860375111083
102,0.5954188450861346,161.43469620584668,13.39333185267138
103,0.4442152431469999,161.87891144899368,13.90922641126821
104,1.1163333123336692,162.99524476132734,5.902371323886834
105,1.1994362065029667,164.19468096783032,14.17576584008995
106,0.3002534665863642,164.49493443441668,14.074370213125542
107,0.7819135679145249,165.2768480023312,5.733757108436183
108,0.2674476796558882,165.5442956819871,5.459118981145154
109,1.460546973626404,167.00484265561352,8.566501306016583
110,0.04447480746589177,167.0493174630794,14.35793599214818
111,1.1218929909112973,168.1712104539907,12.710774808784912
112,0.11278902636939489,168.2839994803601,9.955221074250566
113,1.4986181775648904,169.782617657925,10.06496184007024
114,3.848063333406786,173.6306809913318,5.8362771074030375
115,0.32525150792568175,173.95593249925747,8.222980398109122
116,0.478484578505258,174.43441707776273,6.016919503741521
117,0.3760757280818636,174.8104928058446,11.787904001556534
118,1.5453856396952041,176.35587844553982,14.68144834729448
119,0.02017793938103957,176.37605638492084,10.231548201435054
120,1.4620064058680862,177.83806279078894,13.984708801020872
121,1.2408789901151114,179.07894178090405,7.471256393957196
122,0.5752942818236181,179.65423606272768,5.387363318647301
123,1.0275632437405873,180.68179930646826,5.512936448505855
124,2.0006724469732835,182.68247175344155,13.254492588934824
125,25.284124655766202,207.96659640920774,8.106114633560441
126,2.4596631399346465,210.42625954914237,7.507093310453258
127,1.4966148863296358,211.922874435472,11.196102670719014
128,11.995032035636939,223.91790647110895,9.281545751223458
129,3.3841863965267334,227.30209286763568,8.959722512641711
130,7.986238158090549,235.28833102572622,8.33848045548054
131,9.64361955522907,244.9319505809553,14.926706888377403
