1,0.776592269967886,0.776592269967886,8.565828103188805
2,3.8329512030484256,4.609543473016312,14.380402541707866
3,2.9086224752191687,7.518165948235481,9.257560997864035
4,1.2570410365943454,8.775206984829826,7.504008164001067
5,2.771558140990551,11.546765125820377,10.919202273411496
6,0.8676250223306861,12.414390148151064,12.087734842887059
7,2.574800207839278,14.989190355990342,10.187356885466851
8,4.65118025030198,19.640370606292322,11.875591167826371
9,3.6641326393362172,23.30450324562854,9.947344845690465
10,3.0964449113963557,26.400948157024892,12.652713703885928
11,0.3426421285729356,26.74359028559783,8.312762937031282
12,0.7266556230584149,27.470245908656246,14.07396783699203
13,10.16630752388898,37.63655343254523,6.071531428393028
14,2.098208321562405,39.73476175410763,14.82343347432789
15,7.173457044564301,46.90821879867193,13.465422336923266
16,0.15538332071884808,47.06360211939078,14.149173574177517
17,3.035489354540375,50.09909147393115,10.70610673946214
18,1.6566909766533022,51.755782450584455,9.346833554619925
19,4.438540764462696,56.19432321504715,14.70893659475269
20,8.952602730553952,65.1469259456011,6.838954198741563
21,0.10065750788513227,65.24758345348623,12.497737430508714
22,0.7907846526786523,66.03836810616488,7.616741752706025
23,1.537188103112204,67.57555620927708,9.894358515215185
24,0.22548199115907702,67.80103820043615,7.281146145887929
25,0.2898146221886278,68.09085282262478,8.394005114962185
26,0.26901173288074615,68.35986455550552,14.505054941688893
27,0.46839411249670115,68.82825866800222,10.069981403022314
28,0.05097464161957358,68.8792333096218,5.36289208286845
29,2.7599522031893753,71.63918551281117,14.74028899953381
30,0.6700816217262041,72.30926713453736,8.809296660635537
31,1.9084862736128378,74.2177534081502,14.972516154791295
32,0.1332458410962525,74.35099924924646,5.978026118551077
33,0.1517361961398139,74.50273544538626,7.1335851373266825
34,0.7287710056654079,75.23150645105167,12.026723130957647
35,2.0197095665646363,77.25121601761631,9.51570593210612
36,1.611790037661494,78.86300605527781,12.956510281168303
37,2.2465485449637392,81.10955460024155,9.380044628509308
38,2.6865195754649203,83.79607417570647,9.037971493719763
39,3.8419123670425197,87.63798654274899,7.470266898032131
40,1.1895345612950103,88.827521104044,13.414619394249389
41,0.7904606004617011,89.6179817045057,11.302029691983751
42,1.061464673549511,90.6794463780552,14.33644968485796
43,0.5821294024753529,91.26157578053056,8.098859556501274
44,2.0253303180610143,93.28690609859157,8.88052104389438
45,0.855125552045807,94.14203165063738,8.880495481247392
46,1.1489313284984792,95.29096297913586,7.207516016108726
47,1.1848774310483576,96.47584041018422,5.808079874390227
48,3.895107844409533,100.37094825459376,12.795404535153288
49,0.08045526620449421,100.45140352079825,10.917495393543103
50,0.18740047169438054,100.63880399249263,11.141568837174233
51,0.06286274214186678,100.70166673463449,11.728109724803332
52,0.14140128557922882,100.84306802021372,9.475147342331184
53,0.4420199942934924,101.28508801450721,14.926116251076245
54,0.005617493642750965,101.29070550814995,14.204062889252407
55,2.056448931748784,103.34715443989874,10.632334084473898
56,0.9387560430637346,104.28591048296248,8.303421511255031
57,0.7606740297720596,105.04658451273454,6.872848755403896
58,0.1499333675301191,105.19651788026466,8.078432748039788
59,0.6522248071603756,105.84874268742504,6.074586975109292
60,0.498995810672306,106.34773849809736,13.565222771071323
61,0.29080618284053744,106.6385446809379,6.670767684664146
62,0.558949059721469,107.19749374065937,6.672091259501226
63,1.0901389285994292,108.2876326692588,8.829867948687669
64,0.13856070737568255,108.42619337663449,14.056391569977665
65,0.14647641536792572,108.57266979200242,5.867030252984692
66,1.6271651205357816,110.1998349125382,12.512812544015981
67,1.352681538622836,111.55251645116103,13.333078394657976
68,0.8284769595235879,112.38099341068461,13.728589594928726
69,1.0347465933199056,113.41574000400452,7.502198063886077
70,0.2786157977627691,113.69435580176729,7.29894360496654
71,0.49458445030385184,114.18894025207113,13.367888814049305
72,1.3200715618729255,115.50901181394406,10.252842556739628
73,0.0032292136389625767,115.51224102758302,8.773771849722259
74,0.673889322551522,116.18613035013453,14.546515190452547
75,0.2669701599947224,116.45310051012926,6.044328060675955
76,0.3054951750859945,116.75859568521525,10.022392478962985
77,0.3975126728201711,117.15610835803542,12.000127743619114
78,2.1903057725637582,119.34641413059919,12.830009122252942
79,0.1918942549363455,119.53830838553553,5.466009575876298
80,1.0977394554422215,120.63604784097775,7.057918515146894
81,0.10281176052597175,120.73885960150372,7.8012789224825205
82,0.4740987056927121,121.21295830719643,9.427738971824251
83,1.0246873912885357,122.23764569848497,7.8388089074939105
84,0.13728914367983708,122.3749348421648,12.714907982397742
85,0.14928039869738255,122.52421524086219,12.726683070908447
86,0.3829747309249367,122.90718997178713,11.325377775260499
87,0.04861889614781556,122.95580886793495,10.045317047852048
88,0.17423299596526284,123.13004186390022,11.737220818903031
89,1.116030055803365,124.24607191970358,10.901173425760845
90,2.352891625458646,126.59896354516222,14.500327673657768
91,0.8137059161964192,127.41266946135865,12.954407326786294
92,0.2164075882014432,127.6290770495601,13.05538031313748
93,0.23678345890784858,127.86586050846795,11.56709803327695
94,1.601359543425735,129.4672200518937,14.965768211595696
95,0.48924531971685253,129.95646537161053,6.416920068630595
96,0.5050549284837699,130.4615203000943,10.745267809358229
97,2.5477588032379463,133.00927910333223,13.021070337995342
98,4.190756199297705,137.20003530262994,13.963435950189012
99,0.9443429473469752,138.1443782499769,7.917104652249757
100,1.1642402252224031,139.30861847519932,5.39447661021814
101,1.3620625269904696,140.67068100218978,14.212253470506594
102,0.5150665962819202,141.1857475984717,12.114761544268193
103,0.9628256790188497,142.14857327749056,12.724288147934292
104,0.08183978532937455,142.23041306281993,12.919075704480719
105,0.170066011506388,142.4004790743263,6.157851153325032
106,0.22894503240578634,142.6294241067321,7.529753548614709
107,0.5350725440964386,143.16449665082854,9.868335031162653
108,0.935898054630683,144.10039470545922,8.343635578390868
109,1.514943095025016,145.61533780048424,13.452979359674941
110,2.353681506707557,147.9690193071918,12.291247730006258
111,0.43332418169012965,148.4023434888819,5.410551037491878
112,0.6654755422453111,149.06781903112721,13.546623715305463
113,0.2288188860218277,149.29663791714904,13.588250138991718
114,0.1808923887598774,149.4775303059089,6.634888448218498
115,1.0968949192663937,150.5744252251753,11.613793129832787
116,0.7555200672948275,151.32994529247014,14.627727484322296
117,0.9446472385937613,152.27459253106392,9.835760284723301
118,0.022546616624319917,152.29713914768823,14.37227553239046
119,0.34268768370752667,152.63982683139577,9.132053510981727
120,0.2643629102996765,152.90418974169543,10.016535515353558
121,1.6973625540321213,154.60155229572754,13.421588653431026
122,0.09257983925960014,154.69413213498714,7.784845351876707
123,0.4760184077859299,155.1701505427731,5.681162099042742
124,0.7154289063969647,155.88557944917005,13.952532066476056
125,0.2880275680290303,156.1736070171991,8.407584086241771
126,0.5390013948835229,156.7126084120826,13.614331292597672
127,1.2820382389776381,157.99464665106024,12.761061684522177
128,2.1554008095882518,160.1500474606485,10.986348405117987
129,0.5837223981893667,160.73376985883786,11.579531454609135
130,0.04551686880852525,160.7792867276464,10.784589137797635
131,1.144487388625434,161.92377411627183,8.24361566979022
132,1.7838669772544264,163.70764109352626,13.52725355287517
133,0.11230098825809154,163.81994208178435,12.489612074787765
134,0.13414450130258898,163.95408658308693,8.958520315710004
135,0.5558467799916029,164.50993336307855,9.642365249007666
136,2.468344118889586,166.97827748196812,7.9696119311748035
137,7.160267216230251,174.13854469819836,7.593890804091603
138,1.165973633288532,175.3045183314869,6.929803882998149
139,2.4106215252401455,177.71513985672703,9.081549374105979
140,1.0999463728849934,178.81508622961204,8.326254373972041
141,1.329370497154777,180.1444567267668,11.43826753188742
142,4.00946175182252,184.15391847858933,7.3597760626960875
143,3.7529794339200464,187.90689791250938,7.9694944388694715
144,1.972828559723062,189.87972647223245,9.039366845142645
145,0.7294370005963448,190.60916347282878,9.446255662825632
146,19.307671532854748,209.91683500568354,8.83449564597982
147,2.4929044054783405,212.40973941116187,12.887616645840534
148,11.609879688203264,224.01961909936512,10.629223318162381
149,13.177530629346673,237.1971497287118,11.425405336120875
150,6.19608480702622,243.393234535738,7.223066048298607
