1,4.695065893815771,4.695065893815771,10.595325112988258
2,4.575688142099488,9.27075403591526,13.222702893711954
3,5.466639229877579,14.73739326579284,9.312216782202897
4,11.488346088548141,26.22573935434098,12.883213146478194
5,6.248416306139698,32.474155660480676,6.2141309140149215
6,0.7287123436463521,33.202868004127026,6.82711173274405
7,0.669236861524094,33.87210486565112,10.766903439352614
8,3.692032879741059,37.56413774539217,13.439091802055493
9,0.41742536329725216,37.98156310868943,8.849947223106092
10,4.18312165946536,42.164684768154785,7.48487672415421
11,1.2924245648549613,43.45710933300975,11.591209233687655
12,9.068248873905581,52.52535820691533,5.19221362629731
13,3.4468791899132025,55.97223739682853,12.158667074596181
14,0.03461773794830197,56.006855134776835,5.111949934715376
15,5.43133665048757,61.43819178526441,7.539580081337533
16,0.009529649200314192,61.447721434464725,9.966088808180684
17,0.22825319196850993,61.67597462643324,7.745095228037078
18,0.9768553347324195,62.65282996116566,6.340425318842055
19,6.717934188722012,69.37076414988766,10.157548526533487
20,2.8967587217911968,72.26752287167886,9.240678463936977
21,0.8632787709536748,73.13080164263253,7.566545997059999
22,0.04394107425032334,73.17474271688286,10.883009108726293
23,1.792541484020334,74.9672842009032,10.87168237791263
24,1.122727937162599,76.09001213806579,9.789878297262364
25,0.11380266222091269,76.20381480028671,8.956384498820105
26,0.7178745578466103,76.92168935813332,5.238317396323748
27,1.0459303843977465,77.96761974253107,14.478019062186963
28,3.1063297150592124,81.07394945759029,7.739293694013584
29,0.5612752604993568,81.63522471808965,5.553614925222703
30,2.187283051857209,83.82250776994685,6.985152806281216
31,1.9642669431999564,85.78677471314681,14.561074574166147
32,0.5239164628871278,86.31069117603394,6.878043193538199
33,0.6963188540167309,87.00701003005068,5.110875988212438
34,0.7860148815520277,87.79302491160271,10.13952777480327
35,0.6520891154917862,88.4451140270945,11.251858686560771
36,0.025472052165161182,88.47058607925966,7.204598061433881
37,1.2064525797274301,89.67703865898709,9.845118383282125
38,0.058060616080771274,89.73509927506785,10.723657498018365
39,0.6320785967491873,90.36717787181703,12.31356019110784
40,0.22146607101755625,90.5886439428346,9.852058021913361
41,0.33457366852496084,90.92321761135956,6.97007753467843
42,0.1584083268819586,91.08162593824152,5.239760906348783
43,1.0325390899811338,92.11416502822264,11.525152144453008
44,1.0478670653204416,93.16203209354309,8.065311992033884
45,0.778519477190722,93.94055157073382,12.285003273336041
46,1.570901508754763,95.51145307948858,7.528158544362462
47,0.2966604740097233,95.8081135534983,14.112788077254756
48,2.208085973195569,98.01619952669387,12.956219916688283
49,0.5559847523105246,98.57218427900439,8.173556118266319
50,0.8656632712180413,99.43784755022243,5.017684914845692
51,1.708099689977409,101.14594724019983,8.164009088818844
52,0.9446637768805419,102.09061101708038,8.443992529520573
53,0.5104739954695392,102.60108501254992,8.499426937084529
54,0.05388092718255552,102.65496593973248,5.404240384237843
55,0.24288232843932261,102.8978482681718,10.700076294757237
56,1.9777613473619766,104.87560961553378,5.922276356544299
57,0.20577332379574984,105.08138293932953,6.705439819064557
58,3.4702549133471687,108.55163785267669,7.0231249335369785
59,0.034355940122885814,108.58599379279957,11.758879737215208
60,0.7971263582452699,109.38312015104484,5.341124148577508
61,2.520538425024322,111.90365857606916,11.62438854451957
62,0.32017610634061294,112.22383468240977,13.733483037497127
63,0.07863620853198769,112.30247089094176,11.765454861829635
64,1.8911718324750093,114.19364272341677,6.183987262548666
65,0.026399662866697333,114.22004238628347,11.787653114304748
66,0.9166357210021192,115.13667810728559,9.65150362888529
67,4.798479705456614,119.9351578127422,10.126766693836993
68,1.6779323755252935,121.61309018826749,9.97772052151214
69,0.407503276147015,122.0205934644145,7.247961459336688
70,1.2863792181962606,123.30697268261076,12.802296402029778
71,1.256234426845301,124.56320710945606,14.373434446222076
72,0.14865397534560806,124.71186108480167,7.920788450015426
73,0.15502644623742617,124.8668875310391,10.605460554015194
74,1.0274234587778999,125.894310989817,8.163905580486707
75,0.22173366082146945,126.11604465063847,5.395078157068065
76,2.716241513109761,128.83228616374822,12.790783890760563
77,0.624510087607386,129.4567962513556,14.93750006238791
78,0.019155035564842462,129.47595128692043,5.024357297994929
79,0.015309216613770589,129.4912605035342,11.506909701768816
80,1.460115964934037,130.95137646846823,5.4820326300362066
81,0.18164430132280865,131.13302076979105,5.301877145170057
82,0.19686790222826536,131.3298886720193,5.661881975142785
83,1.3831778777658825,132.7130665497852,12.967778434468189
84,0.19207402088575373,132.90514057067094,7.80232911618292
85,0.053570210788351356,132.9587107814593,13.418329611461001
86,0.9948518988944275,133.95356268035374,8.870796748103496
87,0.9642065523292035,134.91776923268296,9.58747168788852
88,0.5452196889633082,135.46298892164626,9.058728222523005
89,1.7914670644255148,137.25445598607178,13.423753489311647
90,0.24746666416041016,137.5019226502322,5.965461412882536
91,0.18337111152207436,137.68529376175425,10.746751160530923
92,1.3743234845714505,139.0596172463257,11.641723661198363
93,2.284876958984282,141.34449420530999,8.284254663309856
94,4.967342931091945,146.31183713640192,6.356581712797791
95,0.9158032195078751,147.22764035590978,8.563954503402309
96,0.5671614366120663,147.79480179252184,8.32751419828158
97,0.9591191558945829,148.7539209484164,10.55474335348978
98,0.5393685737402805,149.2932895221567,8.806703061602793
99,5.007750275854328,154.30103979801103,8.673467894614921
100,0.758976872648493,155.06001667065954,10.781008751717549
101,0.35434448388586803,155.41436115454542,13.483855066566985
102,0.002124387163655363,155.41648554170908,10.065684518753866
103,1.8680064437074786,157.28449198541657,11.677433083367028
104,0.8381526734849426,158.12264465890152,7.859998375940429
105,0.2669176907009873,158.3895623496025,6.371696159723371
106,0.4227038541253905,158.8122662037279,8.485761901594886
107,0.6165342672488368,159.4288004709767,6.091906251108478
108,0.0486520607457669,159.4774525317225,6.9191522166399615
109,1.1514901315643011,160.62894266328678,11.851894174317868
110,0.7241036381812883,161.35304630146805,6.792073443156394
111,1.3413799001749478,162.694426201643,13.151700985746741
112,1.859597994951052,164.55402419659407,14.62360207652844
113,0.21450517684199952,164.76852937343608,8.10047870988912
114,1.3940240608429684,166.16255343427906,5.194472227657708
115,0.7635483183663555,166.92610175264542,13.304704518720554
116,0.3713905362960432,167.29749228894147,13.84293361479407
117,0.9876202881504514,168.28511257709192,10.782572160618555
118,0.687184586574103,168.972297163666,6.06166608064145
119,1.2355513566533136,170.20784852031932,8.108624344759235
120,0.2631169779197095,170.47096549823902,14.341118718039795
121,0.6037493682959563,171.07471486653498,10.169459776664644
122,0.627579513934791,171.70229438046977,14.838685028324772
123,0.1914351831392718,171.89372956360904,11.887270504922558
124,1.5788779090458753,173.47260747265491,13.983041424346705
125,0.08848351680922832,173.56109098946413,6.285402472208937
126,0.03122561623244827,173.5923166056966,9.833086894096855
127,0.6309787718545742,174.22329537755118,14.094204486804475
128,0.655914442944703,174.87920982049587,5.388323868769228
129,1.0450451975755817,175.92425501807145,7.44622788086957
130,3.3983741093275412,179.32262912739898,10.452268643736678
131,3.609980101892497,182.93260922929147,9.830886299123394
132,1.106324304264057,184.03893353355554,10.144592851400274
133,8.81888872001149,192.85782225356704,9.819162733509069
134,20.297052372667487,213.15487462623452,13.306211079631435
135,35.50522395751466,248.66009858374917,13.051551806121909
