1,7.470006911032784,7.470006911032784,12.890342499336764
2,0.10635990471431028,7.576366815747094,9.247215785144117
3,11.009536215232874,18.585903030979967,13.015053901516936
4,7.0382908659303025,25.62419389691027,10.897635109471006
5,2.5062233681986825,28.130417265108953,8.653710662850148
6,5.8544069641137515,33.9848242292227,5.848588817272001
7,1.0531816121170687,35.038005841339775,13.168699358850978
8,1.7086083046294163,36.74661414596919,8.762995913751627
9,0.4063716578573139,37.1529858038265,14.918685859865713
10,1.1160696797448113,38.269055483571314,14.172635982383348
11,2.5638355406516986,40.83289102422302,6.089575145484986
12,0.2623207414721993,41.09521176569522,11.379422072333526
13,3.1208823807207513,44.21609414641597,14.056854405603318
14,8.354285734592,52.570379881007966,8.542516094209237
15,0.3469341096133044,52.917313990621274,9.663437544834428
16,0.08644414152370422,53.00375813214498,7.582543633947276
17,5.515646419034126,58.51940455117911,11.380432162016664
18,0.5179594675795686,59.03736401875867,7.103862212845825
19,1.8121204415909309,60.8494844603496,11.119721122043348
20,3.237172501494797,64.0866569618444,10.937284097648654
21,0.029654508442623653,64.11631147028702,6.699192654812025
22,0.8251823963707097,64.94149386665772,8.471640833085218
23,1.666733707579545,66.60822757423726,11.966712864203512
24,1.153638181866864,67.76186575610413,10.27880510739572
25,0.9458559496202695,68.7077217057244,7.917001891270536
26,0.7418041298297058,69.4495258355541,11.568842442828196
27,1.0233436825915134,70.47286951814561,13.137371260302313
28,0.0118299573307496,70.48469947547636,14.00941742383721
29,1.051094812521557,71.53579428799792,10.099548705518353
30,1.4606171882634778,72.9964114762614,5.934146294019714
31,2.1026393696175614,75.09905084587896,8.870758024522514
32,0.2615852945780565,75.36063614045702,14.532725204286775
33,0.13328823064290457,75.49392437109992,13.64809050396676
34,1.6669416794828011,77.16086605058273,9.279099137145026
35,0.17758945445676821,77.33845550503949,14.86508526748329
36,0.0042999849658848345,77.34275549000537,14.777751954225856
37,0.9656282664573164,78.30838375646269,14.59985618622575
38,1.2956509301792172,79.60403468664191,14.423435818871864
39,0.263736048688275,79.86777073533018,13.044998542673286
40,0.572653909012871,80.44042464434305,5.296260460381981
41,4.059861195092345,84.50028583943539,8.436969541078124
42,0.10489258990427285,84.60517842933966,9.09857483788205
43,1.284903884410485,85.89008231375014,13.009504537026709
44,0.255404132467703,86.14548644621784,8.975837489308613
45,0.8871383238905695,87.03262477010841,9.694274735260947
46,0.5331411676793858,87.5657659377878,10.350810963251067
47,0.792917120890207,88.35868305867801,8.316884041707432
48,2.71547934770156,91.07416240637957,14.480472369705957
49,0.23643003557668604,91.31059244195626,14.55370445575445
50,0.2895303376305126,91.60012277958677,13.51348883566633
51,0.03369471265927841,91.63381749224605,7.94521895022315
52,2.6838039039101336,94.31762139615618,9.947640740306909
53,2.9764143783945576,97.29403577455074,10.244780902051769
54,0.30118776719819423,97.59522354174894,14.210872795457973
55,0.7744653726576717,98.36968891440661,13.052422591281053
56,0.07012709315191076,98.43981600755852,13.110459817181365
57,3.0323957668515504,101.47221177441007,8.848633534501651
58,0.8812966803099739,102.35350845472004,5.328684242163756
59,0.568264473968107,102.92177292868816,13.751904836592907
60,0.65539700561309,103.57716993430125,9.55660317069902
61,3.5986949829298354,107.17586491723108,13.206097333948895
62,0.07716268160871717,107.2530275988398,14.38221805156328
63,0.19421243139182956,107.44724003023163,11.743845104895172
64,0.5104528786461019,107.95769290887773,8.669875471543435
65,1.9599239494513476,109.91761685832908,9.544212902046088
66,0.23675194959714374,110.15436880792623,10.44343755974379
67,0.1713078218612537,110.32567662978748,13.553235771964118
68,0.4979178491198758,110.82359447890735,13.708065570457723
69,0.5643967280174996,111.38799120692485,12.122659648909128
70,0.6628831111495809,112.05087431807443,5.180732790185649
71,0.1674236420307893,112.21829796010522,14.849478378933822
72,0.3954015317031892,112.6136994918084,14.049332727382772
73,0.7669774608426412,113.38067695265104,7.264414445232683
74,3.8803981449033706,117.26107509755441,14.896950150687662
75,0.5306272966104653,117.79170239416487,6.3448822110859835
76,0.7743476338564629,118.56605002802134,5.480485620493899
77,2.5427303129093755,121.1087803409307,7.3133947033319355
78,0.7761731745011754,121.88495351543189,7.927983458935099
79,1.0610787434124667,122.94603225884435,12.996554400161017
80,0.38019408918980063,123.32622634803415,12.424435706049113
81,0.5403095703377092,123.86653591837187,5.598296448026565
82,2.368742088487729,126.2352780068596,10.410480291529684
83,0.4478508054275587,126.68312881228717,12.229279762045461
84,1.5584660824976706,128.24159489478484,10.385858787837972
85,1.726303270521778,129.96789816530662,12.108174738901676
86,0.48504623002593317,130.45294439533257,9.365554667661039
87,0.8455693887210675,131.29851378405363,11.042139889852113
88,2.1998703483032807,133.4983841323569,12.95388271831347
89,0.2266148359804569,133.72499896833736,9.974675323836154
90,0.9477786270550277,134.67277759539238,7.004358187272888
91,1.2535259078839214,135.9263035032763,6.6550547115148255
92,0.6861528864821949,136.6124563897585,12.217570052150492
93,0.08640369946535166,136.69886008922387,9.782478150207815
94,0.6362268694343002,137.33508695865817,14.337523911735433
95,0.3341255786376194,137.66921253729578,8.980756496188198
96,0.5978765735735756,138.26708911086936,12.108047319252092
97,3.818797873803728E-4,138.26747099065673,10.331614317608798
98,1.0880197502676092,139.35549074092435,11.919304897636252
99,0.06665324382497635,139.42214398474934,13.453470110033802
100,0.11975314552362265,139.54189713027296,9.158409423787148
101,0.22542616833210566,139.76732329860505,14.36350079365107
102,0.7405567415923009,140.50788004019736,11.677601060957496
103,1.5739364173069572,142.08181645750432,13.458583458118792
104,1.243576643750529,143.32539310125483,12.799746304418989
105,1.0478803232753373,144.37327342453017,12.011219711796848
106,1.3350922510765493,145.70836567560673,13.100356726958216
107,2.5079542388687575,148.2163199144755,14.517172124185995
108,0.14706624452811434,148.3633861590036,10.424486426793703
109,0.40291838710616795,148.76630454610975,9.869245236225362
110,1.4031955137717824,150.16950005988153,6.428866895701582
111,0.3647412573918827,150.5342413172734,5.5481091339820265
112,0.9432602379884446,151.47750155526185,7.045152762464752
113,1.318602850091979,152.79610440535384,5.342552875183772
114,0.05497444872776288,152.8510788540816,5.015781754297288
115,1.4527608219328827,154.3038396760145,8.625640034427576
116,0.47682797737147437,154.78066765338596,8.210090839024797
117,0.8265096836270281,155.60717733701298,6.772178360761042
118,1.5659300213065042,157.1731073583195,8.836288949372104
119,1.2581536302767775,158.43126098859628,12.195611386812638
120,0.8252395524328684,159.25650054102914,7.463196518346267
121,3.0758007559141727,162.3323012969433,9.397327275207983
122,0.5568358083719321,162.88913710531526,14.804542779117629
123,0.4490959730894088,163.33823307840467,12.12545912728214
124,0.21512177874661464,163.55335485715128,8.738487356989086
125,0.535980571135169,164.08933542828643,12.125838573057173
126,0.25249668087454713,164.34183210916098,8.277740608522175
127,0.8420531439366165,165.1838852530976,12.471464609267645
128,0.9746490264527577,166.15853427955037,10.237946112292136
129,0.15084680886427157,166.30938108841463,10.272905959022642
130,0.46780022354579265,166.77718131196042,9.780519094474034
131,0.9166438036659573,167.69382511562637,12.96294137138597
132,3.1094297382506055,170.80325485387698,12.108877511378818
133,1.0720877210920152,171.87534257496898,12.190568572557577
134,2.948883475807395,174.8242260507764,14.718915227422285
135,0.2757116994371857,175.09993775021357,8.84129540236281
136,0.5443297535751709,175.64426750378874,12.310865988081645
137,0.7876517304506989,176.43191923423944,7.626336576603947
138,0.4654876489465191,176.89740688318597,5.044205031733303
139,0.06956543833212606,176.96697232151809,5.6193287763241715
140,0.6002300161780032,177.5672023376961,13.766263500182104
141,0.2136066529750549,177.78080899067115,10.089003076580259
142,1.173513448711947,178.9543224393831,6.549124266802254
143,0.2097169021159945,179.1640393414991,10.467405857985208
144,0.24147326728690974,179.405512608786,11.421362243892078
145,0.15040002252511478,179.55591263131112,5.483229373321551
146,0.1107784760524891,179.66669110736362,10.11546676666865
147,0.7570145771989769,180.4237056845626,11.022254275270935
148,0.8806343725049832,181.30434005706758,9.5067310068721
149,24.41340374136201,205.71774379842958,12.349737337245267
150,34.2296478212168,239.9473916196464,7.578499493772789
151,7.536641395515108,247.48403301516151,8.855470022264496
