1,2.14726928884269,2.14726928884269,10.115823184702062
2,8.024228979476849,10.171498268319539,7.927831070152776
3,1.3745325694681332,11.546030837787672,5.1413150508050895
4,0.48807052641541016,12.034101364203082,7.928827775610415
5,6.574214859895589,18.608316224098672,9.839774548063998
6,3.0218665635904616,21.630182787689133,13.45001415848782
7,0.7286232655337742,22.358806053222906,7.2421541411031445
8,2.790467403242608,25.149273456465515,10.238794774280349
9,0.3917824934457068,25.54105594991122,6.730183902621372
10,2.4251147603806227,27.966170710291845,13.349020113961869
11,1.3794488186747809,29.345619528966626,13.645227196245358
12,8.497141750646929,37.842761279613555,14.585285093078634
13,8.211653349765069,46.05441462937863,6.522179525738656
14,24.511683766104593,70.56609839548322,10.769200484444177
15,0.6433319425545077,71.20943033803773,10.81223922056347
16,0.32101725406481146,71.53044759210255,5.594475473014021
17,2.575094015004303,74.10554160710684,8.541166942508655
18,0.4242410973390185,74.52978270444586,13.118349280360627
19,1.1384559341750637,75.66823863862093,6.103181182288157
20,1.370595931990237,77.03883457061117,14.539885272765128
21,0.6522527881171394,77.69108735872831,12.478071070147116
22,3.6189257081169224,81.31001306684523,9.75039777222897
23,2.8054909178795073,84.11550398472474,6.853112000131089
24,1.7602132479620398,85.87571723268678,8.02098098201957
25,0.549187046145313,86.42490427883209,12.948642611011305
26,3.1724993252966582,89.59740360412874,12.369115588702257
27,1.5808606456442633,91.17826424977301,5.603048554412743
28,0.05888799938788173,91.23715224916089,12.746918786252301
29,0.5768833950492632,91.81403564421015,5.790721612206654
30,0.370710573868678,92.18474621807883,14.567647698470033
31,2.2227052007498624,94.40745141882869,12.087386221756478
32,0.8815620684104053,95.28901348723909,14.681072422706372
33,0.6873188132000062,95.9763323004391,14.952441421688839
34,1.0711112189611458,97.04744351940025,8.756859773574352
35,0.2610929505539497,97.30853646995419,7.723896211539891
36,0.07658594642784515,97.38512241638203,11.775611095675718
37,0.6802769076863542,98.06539932406838,6.0075866002556175
38,1.9815957165095541,100.04699504057794,9.381780803352143
39,0.10935017290605653,100.156345213484,10.765253156326674
40,1.9113135324203437E-4,100.15653634483725,6.93057756937253
41,0.7910815149174895,100.94761785975474,10.590134713556886
42,1.848053181666634,102.79567104142137,11.97134330313726
43,0.8465804680730908,103.64225150949446,11.949874093545267
44,0.6156666593939835,104.25791816888844,7.525592841376762
45,1.6724162409131835,105.93033440980162,14.702557808059582
46,2.4256163524639667,108.35595076226558,5.008375575509679
47,0.17352051581256095,108.52947127807813,14.435767006319626
48,2.7613009675874163,111.29077224566555,11.694810182624717
49,0.9831851872684855,112.27395743293404,7.282961651044612
50,2.331243100581495,114.60520053351553,6.054662314631284
51,1.0460771229451966,115.65127765646072,5.025707759557598
52,0.3331874503326433,115.98446510679337,14.759275204444128
53,0.3350023493214895,116.31946745611485,5.739296363088634
54,1.5119205015920767,117.83138795770692,12.665933486893152
55,0.5030054529773014,118.33439341068423,11.428663361074392
56,1.8827535824276262,120.21714699311185,9.809325626448567
57,0.6186126190698235,120.83575961218168,13.400340353585444
58,0.30384182696226614,121.13960143914395,14.717197201743183
59,1.767438868574498,122.90704030771845,11.741529965223608
60,0.060497770849309074,122.96753807856776,13.367472931345674
61,1.398857591361662,124.36639566992942,5.803276818118553
62,0.15532440570553602,124.52172007563496,11.52600716051774
63,0.14591001455023994,124.6676300901852,6.502766925210404
64,0.34707344513407246,125.01470353531927,12.81600360161242
65,1.6347731969694705,126.64947673228875,12.572441671387034
66,0.6582251132309735,127.30770184551972,13.468287256853333
67,2.3347082664183785,129.6424101119381,9.846051896081246
68,2.1351280963193027,131.7775382082574,11.820005846466271
69,3.466518544005478,135.24405675226288,5.255691248503684
70,0.2601272287746636,135.50418398103753,6.070864139354837
71,0.3426670833684531,135.84685106440597,10.395186599745095
72,0.4137662277511915,136.26061729215715,9.888034833272098
73,0.35916013553693693,136.6197774276941,13.552713777571189
74,8.92400036292933,145.5437777906234,8.923178272875813
75,0.09916041750541948,145.64293820812884,5.7064726778438875
76,0.5424720626201444,146.18541027074897,6.318992267821426
77,6.1573438339608,152.34275410470977,13.199252303052765
78,0.1605468429170668,152.50330094762683,11.984517696902394
79,0.8410919030031885,153.34439285063002,14.441712765780116
80,0.27123086104220767,153.6156237116722,7.604331175831325
81,0.9603076480363207,154.57593135970853,8.03931810739144
82,0.8905017110660861,155.46643307077463,11.714288454513216
83,0.43343607207229645,155.8998691428469,11.2774558295509
84,0.5385571333362187,156.43842627618312,5.822244173909268
85,0.03639583732412694,156.47482211350726,8.159258108998696
86,1.0919667632616705,157.56678887676892,12.488133766636839
87,0.5556446410123344,158.12243351778125,14.128610469929589
88,0.417073683887165,158.5395072016684,12.018504096435805
89,0.7876760279106036,159.32718322957902,5.154020416413959
90,0.6170227676209344,159.94420599719996,12.251433019952113
91,1.5842969283974657,161.52850292559742,10.270237458507761
92,0.6629382913186441,162.19144121691608,12.13103552944207
93,1.1926568011499907,163.38409801806606,13.987418887671229
94,3.7492728510031132,167.13337086906918,5.210102523559859
95,2.5549415249056535,169.68831239397483,9.090009375560491
96,0.13624988531297053,169.8245622792878,6.478802524352641
97,4.677582969141685,174.50214524842949,14.94659176940191
98,0.3127604272718934,174.81490567570137,6.277214835764956
99,0.9067264430720873,175.72163211877344,7.41448589672015
100,0.17881267788232635,175.90044479665576,12.998737743312558
101,1.3425445400495246,177.24298933670528,12.916567063831115
102,0.9810705165245341,178.22405985322982,12.615815354837387
103,0.5360116156951723,178.760071468925,8.754133430964929
104,0.8681596465882881,179.62823111551327,12.574680102753991
105,0.058728601126760024,179.68695971664005,6.557781835124512
106,1.5009573565929555,181.187917073233,9.53413500529013
107,6.346487871299068,187.53440494453207,8.558738961072493
108,8.46044342173267,195.99484836626473,10.348722705050506
109,16.24877672808003,212.24362509434476,13.461336937578757
110,8.866252130511274,221.10987722485604,13.480339489937496
111,1.1392570126919046,222.24913423754793,10.225822297413291
112,1.9622963229086436,224.2114305604566,6.827636725716949
113,3.6605277304658808,227.87195829092246,12.810168589739678
114,20.018102063448865,247.89006035437131,13.144129550235386
