1,9.52993273255015,9.52993273255015,14.079919157590279
2,0.3420712082659557,9.872003940816107,8.025847145772254
3,12.010383872604876,21.882387813420983,5.552902880808265
4,6.2327041201785125,28.115091933599494,8.851655851600254
5,1.9244411938521522,30.039533127451648,5.639528380155716
6,6.526555879221622,36.566089006673266,7.851836482725824
7,0.9846396174038153,37.55072862407708,10.069212129541517
8,2.4502033577532485,40.00093198183033,6.342049923357926
9,8.687867223684854,48.68879920551518,7.441024242215704
10,0.5402961731455046,49.22909537866069,5.867187145919193
11,9.199883900772978,58.42897927943366,6.590755203386677
12,6.1479335691593295,64.576912848593,12.7040600783521
13,0.48747015704346375,65.06438300563646,8.778641913198506
14,1.0221688706911336,66.08655187632759,6.821097105668277
15,0.9387574686217095,67.0253093449493,8.676037164941702
16,0.13583022607466025,67.16113957102397,10.731256885743896
17,0.4856215413581215,67.6467611123821,11.02838262389454
18,0.5360188538101482,68.18277996619224,13.97307351337483
19,0.29383624422995414,68.4766162104222,9.832481870103802
20,0.0020871366593295925,68.47870334708152,13.682333903334522
21,0.1430058677153573,68.62170921479688,5.339921874734283
22,0.669053932960192,69.29076314775708,13.051013012151847
23,0.7542616141093743,70.04502476186644,11.425669883361785
24,0.5026177165282121,70.54764247839465,9.717463812890333
25,0.10679068274598456,70.65443316114063,9.776625524165722
26,1.0872851856515262,71.74171834679215,12.992317250136567
27,2.7599561940038218,74.50167454079597,12.176400828042304
28,0.8136253379690069,75.31529987876498,7.622102923858764
29,0.034376331759234394,75.34967621052421,8.37956220405982
30,0.2801763553581188,75.62985256588233,13.815817861106979
31,0.3184327502807713,75.94828531616311,11.081608207437078
32,1.5591143296341707,77.50739964579728,6.336990268802637
33,0.45930105565224505,77.96670070144953,11.963067293470674
34,1.5716519717562578,79.53835267320578,5.763838112219489
35,0.27475243311300285,79.81310510631879,5.313496746500464
36,0.2155854824477718,80.02869058876657,5.53916216235608
37,1.5226238857051915,81.55131447447175,8.753697706089659
38,0.8049740843948469,82.3562885588666,14.920032112788116
39,0.4884673716590823,82.84475593052568,11.714519562887975
40,0.03082178210817795,82.87557771263386,8.179952312638978
41,0.32984949321558066,83.20542720584943,13.94544495171224
42,2.341365715835646,85.54679292168508,5.29673169464791
43,0.5652179242224649,86.11201084590755,8.669006999280175
44,1.4174636520164696,87.52947449792401,13.56071722019326
45,0.19595571724045133,87.72543021516447,11.545719271174631
46,1.703028253744487,89.42845846890896,14.374319889215803
47,1.8812088628405812,91.30966733174954,10.899449676581963
48,0.24755950909923072,91.55722684084877,9.447192030571612
49,0.6812878345349095,92.23851467538368,9.782308294008754
50,1.6615992240684265,93.90011389945211,13.311247864243041
51,0.5209236590959091,94.42103755854802,7.5054879393784955
52,0.3056624753467467,94.72670003389477,11.554019576585654
53,0.3196954139429098,95.04639544783768,7.840946630357268
54,2.1819554744830634,97.22835092232074,10.617068438046552
55,0.7446977443692645,97.97304866669,5.40262564184845
56,0.4674151389834449,98.44046380567345,5.221716909640394
57,2.774408781919159,101.21487258759261,5.115988071917257
58,0.40322578735173964,101.61809837494435,10.339712061257293
59,0.29136635934604566,101.9094647342904,10.107079118859206
60,0.1313226667138821,102.04078740100428,10.640192338372051
61,0.5856176123792676,102.62640501338355,8.067119865532472
62,0.1833487791900852,102.80975379257363,6.018909146330084
63,0.434444356878235,103.24419814945186,13.42445458286563
64,1.6514806028828217,104.89567875233469,11.228091154788496
65,1.654659973315283,106.55033872564996,6.186446134474096
66,2.0300305538625194,108.58036927951248,7.518703315352519
67,0.5663553470713087,109.14672462658379,12.528025216713125
68,0.09750770298959957,109.24423232957339,14.6220825909945
69,0.04177071436333813,109.28600304393673,9.000968809991466
70,1.3329636432850744,110.6189666872218,7.330462715700506
71,0.9217960883683138,111.54076277559011,6.037894048862449
72,0.511348198610052,112.05211097420016,10.757381844756718
73,0.013416621708354774,112.06552759590852,12.403978484554221
74,0.04418678838946754,112.10971438429799,14.289896224448922
75,0.13887739417569245,112.24859177847368,8.981406390553444
76,0.43822255773079566,112.68681433620448,6.4255731901501605
77,1.0313275212327737,113.71814185743725,10.695290704993207
78,0.07025154149160784,113.78839339892886,6.855500510055373
79,0.07734000554138562,113.86573340447025,10.600080047384612
80,1.551029582304581,115.41676298677483,6.597473827976874
81,5.9147249877354655,121.3314879745103,12.42325849587941
82,0.9275887263279317,122.25907670083822,14.906593494661735
83,1.5846480763052426,123.84372477714346,10.712671826695235
84,2.3023334025013336,126.1460581796448,6.772149947360948
85,1.1477988696985517,127.29385704934334,7.209908800676052
86,3.4166431063792486,130.7105001557226,7.334105995048358
87,0.18092565211167794,130.89142580783428,8.471616317905173
88,1.9201302212196816,132.81155602905397,7.8895113774699785
89,1.4862759674648631,134.29783199651885,6.619757490051419
90,1.074413143878783,135.37224514039764,9.881698593399005
91,3.0416053156111866,138.41385045600882,14.840280730755826
92,2.0258217976967,140.4396722537055,9.409063671731493
93,0.8197623319137181,141.25943458561923,8.786782299749525
94,0.5092752316611606,141.76870981728038,14.422301207152909
95,0.013013738641242471,141.78172355592162,10.819117943655577
96,0.7682521294213424,142.54997568534296,8.941953787394585
97,0.08231492530267943,142.63229061064564,9.528998094953609
98,0.9934822142804398,143.6257728249261,11.93068517001998
99,0.6607521019494899,144.2865249268756,5.8409712547134784
100,2.753872978286949,147.04039790516254,12.955483932933113
101,0.4346151216459184,147.47501302680845,8.904457625415763
102,0.3966401786576828,147.87165320546615,11.447171941012417
103,0.22621363920228565,148.09786684466843,10.112499639860815
104,1.8839408207056283,149.98180766537405,13.8113836916487
105,0.9434332995758449,150.9252409649499,7.069444187096381
106,0.49576746792879384,151.4210084328787,14.252720021666876
107,0.5573621321322653,151.97837056501095,5.628884098782143
108,0.1148352303352809,152.09320579534622,9.072036295049394
109,0.17370685940064842,152.26691265474687,13.812595543580345
110,0.39032821483399094,152.65724086958087,5.311423621699722
111,2.053723471253058,154.71096434083393,8.70224981312363
112,0.31541701397038857,155.0263813548043,6.411837483655647
113,2.5061919378777477,157.53257329268206,12.45495751858395
114,0.2505755037155007,157.78314879639757,12.8710399322801
115,0.9716541034447286,158.7548028998423,13.957134607079688
116,0.3323250222992804,159.08712792214158,14.91228726022435
117,2.6369327719006694,161.72406069404224,7.402474073035382
118,1.941262017914093,163.66532271195632,9.592418710264685
119,0.3581030604428808,164.0234257723992,5.676345199086999
120,1.7356236381073396,165.75904941050655,13.88584250807985
121,0.9416896309451787,166.70073904145173,12.988783638340651
122,4.141501744591683,170.84224078604342,9.98492294117007
123,2.2095454220706476,173.05178620811407,14.463418389816495
124,2.023761420103969,175.07554762821803,12.83617860208059
125,3.0544561662292,178.13000379444722,9.821318900442119
126,0.4238395474421111,178.55384334188932,5.737574231121486
127,0.7358926855941023,179.28973602748343,7.419233182434085
128,0.2479578067190559,179.53769383420249,14.329655739980506
129,0.276687016617617,179.8143808508201,6.131854825227155
130,1.0365526217776968,180.8509334725978,6.0950643525516846
131,3.4400433580291723,184.290976830627,11.641905244117037
132,3.8232331443063683,188.11420997493335,14.576026884831439
133,8.965489383309674,197.07969935824303,8.052530905378216
134,6.356017791130572,203.4357171493736,7.887912630634279
135,1.2022932742202812,204.63801042359387,8.4977948849922
136,7.112189675942723,211.75020009953658,10.828152432769045
137,3.6893767290639485,215.43957682860054,9.461397317257438
138,17.32372656645719,232.76330339505773,7.9855715937461005
139,3.9317464107050886,236.69504980576284,8.810850193816702
140,3.8124220159644873,240.50747182172734,5.943405480353182
