1,0.0,0.0,4.766789860922863
2,0.0,0.0,4.252215018507187
3,0.0,0.0,6.554975388635635
4,0.0,0.0,6.597759243361249
5,0.0,0.0,5.699292077131809
6,0.0,0.0,3.631736742144221
7,0.0,0.0,5.646831344560159
8,0.0,0.0,4.742571857971033
9,0.0,0.0,4.9300911062017
10,0.0,0.0,5.860743562053977
11,0.0,0.0,3.759315660797336
12,0.0,0.0,4.631030090853883
13,0.0,0.0,4.632081162138982
14,0.0,0.0,5.864117232712053
15,0.0,0.0,5.907619086852257
16,0.0,0.0,6.6800902885785085
17,0.0,0.0,4.433361200001821
18,0.0,0.0,6.970202217466802
19,0.0,0.0,6.08155327546419
20,0.0,0.0,3.210027324270774
21,0.0,0.0,5.344225836120204
22,0.0,0.0,3.8181748853527764
23,0.0,0.0,6.512294889860179
24,0.0,0.0,3.6763230741814796
25,0.0,0.0,5.08389114624589
26,0.0,0.0,3.759920617393973
27,0.0,0.0,5.549799962559126
28,0.0,0.0,5.298532394846132
29,0.0,0.0,4.456269363572104
30,0.0,0.0,5.917238179426629
31,0.0,0.0,3.4893259450853025
32,0.0,0.0,5.7088260288187325
33,0.0,0.0,6.608944930529472
34,0.0,0.0,6.691642978801484
35,0.0,0.0,6.260541932327001
36,0.0,0.0,5.663274869804887
37,0.0,0.0,5.009676328289666
38,0.0,0.0,4.866441445754269
39,0.0,0.0,3.0167693467541223
40,0.0,0.0,6.337564750367387
41,0.0,0.0,3.581494692793447
42,0.0,0.0,4.06240841017353
43,0.0,0.0,6.12515450442768
44,0.0,0.0,3.3749850013257254
45,0.0,0.0,3.0198711308624677
46,0.0,0.0,6.795324550476869
47,0.0,0.0,5.1520685688954035
48,0.0,0.0,5.952508202505667
49,0.0,0.0,6.4268284986108295
50,0.0,0.0,3.71740612496642
51,0.0,0.0,4.0291817260316
52,0.0,0.0,6.030362045563837
53,0.0,0.0,4.4610586258903995
54,0.0,0.0,3.375110665974017
55,0.0,0.0,3.094197059208532
56,0.0,0.0,6.633870020135742
57,0.0,0.0,4.173361168589835
58,0.0,0.0,6.249350247050206
59,0.0,0.0,5.314078242744712
60,0.0,0.0,5.637597920520951
61,0.0,0.0,6.409418812388976
62,0.0,0.0,4.303859968223781
63,0.0,0.0,3.321539027593666
64,0.0,0.0,4.363821774035015
65,0.0,0.0,3.712197336005984
66,0.0,0.0,5.969898274677851
67,0.0,0.0,4.205341731166913
68,0.0,0.0,4.124679446835174
69,0.0,0.0,4.747001291169084
70,0.0,0.0,6.714879235195111
71,0.0,0.0,4.510160387078566
72,0.0,0.0,6.956105930658927
73,0.0,0.0,3.9060168528899255
74,0.0,0.0,3.3802572142907947
75,0.0,0.0,3.351446035911679
76,0.0,0.0,5.7674713308594185
77,0.0,0.0,3.4387887652989044
78,0.0,0.0,5.040659698817038
79,1.3861018164415257,1.3861018164415257,3.541606595480373
80,0.8661971293811128,2.2522989458226386,6.656765590681346
81,0.5326513672760181,2.7849503130986566,6.965406165473989
82,0.2947887529056342,3.079739066004291,6.761522077029954
83,0.3371711784793125,3.4169102444836033,6.83360924030841
84,0.34559080383658564,3.762501048320189,4.895891625637579
85,1.606513249817406,5.369014298137595,4.171092984254859
86,1.0058694877053664,6.374883785842961,3.924010490555028
87,0.2948210451530403,6.669704830996001,4.04656086419085
88,0.10948963554013688,6.779194466536138,3.351980394022497
89,0.42755303319695326,7.206747499733091,4.427096646602559
90,0.22039194877500454,7.427139448508096,5.261733333615725
91,2.7312288490159347,10.158368297524031,4.459170053891926
92,0.14913009766392465,10.307498395187956,6.794798978372551
93,0.5342079893936288,10.841706384581585,6.867550193377593
94,0.18483476575861474,11.026541150340199,3.6184970567037262
95,0.7060090987497387,11.732550249089938,3.232669492779974
96,0.2921459032883809,12.024696152378318,4.379418431026125
97,0.2062411836163953,12.230937335994714,5.494269644286975
98,1.013979822253951,13.244917158248665,6.219058768012253
99,0.0738675350785613,13.318784693327226,3.119091110300072
100,0.06444231885230597,13.383227012179532,3.4647653864470263
101,0.002638296783685097,13.385865308963217,6.2280690799942136
102,0.8620290633558233,14.24789437231904,5.89452120865335
103,2.8856694423935494,17.133563814712588,3.509643145697848
104,0.01539553227090567,17.148959346983492,5.628081072014886
105,0.14796799686938078,17.29692734385287,3.819197042734952
106,0.11675502891111743,17.41368237276399,6.643512033983393
107,0.08038188202877167,17.49406425479276,5.007541050517545
108,0.21161556940646795,17.70567982419923,5.769239207852824
109,0.18263075608472873,17.88831058028396,6.821519525320042
110,0.29735357440762117,18.18566415469158,6.66503227587652
111,0.009744939323859222,18.19540909401544,3.9625574395953165
112,0.6500003227555307,18.84540941677097,6.9391795651352615
113,1.2942616902128468,20.139671106983815,6.4759617217120775
114,0.2165106556546793,20.356181762638496,6.556537925666181
115,0.23432704865026874,20.590508811288764,6.961934243322012
116,0.32638649308695034,20.916895304375714,3.657546152493357
117,0.6692121931536253,21.58610749752934,6.149394342138588
118,1.260509806594054,22.846617304123395,4.469405923581752
119,0.9194854401129892,23.766102744236385,5.64554926247623
120,0.20699472767791285,23.973097471914297,6.659593669976067
121,0.14793227175997722,24.121029743674274,5.760765140142246
122,0.062393777844154535,24.183423521518428,5.1930685379599115
123,0.6076012957741385,24.791024817292566,4.143635121228758
124,0.245379297249373,25.036404114541938,6.847898044887664
125,0.027722732592546873,25.064126847134485,6.442087835951556
126,0.22491929576207667,25.289046142896563,4.192271837767775
127,0.43339388480079527,25.72244002769736,6.230364584666271
128,0.0035592371573583154,25.725999264854718,5.405547770727299
129,0.32106967718709833,26.047068942041815,3.075314367758488
130,0.10514919371849447,26.152218135760307,6.267566737154491
131,0.6167591676871823,26.76897730344749,3.7819594184297234
132,0.0347464055079377,26.803723708955427,4.03296093271617
133,0.022762064561038253,26.826485773516467,3.9300161898303645
134,0.05400673285048218,26.88049250636695,3.9251941996751754
135,0.0646569201586666,26.945149426525614,6.85236198471506
136,0.5064591368825285,27.451608563408143,3.1280121105801446
137,1.2890458516273742,28.740654415035518,5.886501437075694
138,0.1459315130964225,28.88658592813194,4.5237156261331855
139,0.08034188477816488,28.966927812910104,3.712476399537677
140,0.09623037575156451,29.063158188661667,6.832782465548256
141,0.35088826925660077,29.414046457918268,3.4999037836675764
142,0.10377212299964106,29.517818580917908,5.050674622943941
143,1.0305055386561575,30.548324119574065,3.324835365511454
144,0.506053324389223,31.05437744396329,6.788019807418906
145,0.1519666112870548,31.206344055250344,6.872892753050996
146,0.6903711053182763,31.896715160568622,6.817380462616688
147,0.6946034795076306,32.59131864007625,4.291896701601635
148,0.2549454890134905,32.84626412908975,5.155992834897285
149,0.6516657201597866,33.49792984924953,3.641893180219452
150,0.2597212295381638,33.757651078787696,5.620383509687121
151,0.08579052285216239,33.84344160163986,4.594320371400845
152,2.185665393966171,36.02910699560603,4.353063661122863
153,0.07316493567741722,36.10227193128345,4.628994598835062
154,0.22611925679556688,36.32839118807902,6.474147473887265
155,1.013318186462596,37.341709374541615,3.5619642051203546
156,0.33218321897326675,37.67389259351488,4.641250186492596
157,0.3922898458198528,38.06618243933473,3.6190223105406942
158,0.30857694662831897,38.37475938596305,5.177063439444584
159,0.4061284223105501,38.780887808273604,4.890825749718068
160,0.5349981098558685,39.315885918129474,5.232995046223902
161,0.44400759815771373,39.759893516287185,5.7257737300748905
162,2.2612452245261325,42.02113874081332,3.8534165628384796
163,0.10167302375946216,42.12281176457278,6.012395313688131
164,0.4187350032727327,42.54154676784551,6.5573549109030544
165,0.4723846805051894,43.0139314483507,3.427178980380582
166,0.601288491810302,43.615219940161,5.087830315969089
167,0.05414540364494226,43.66936534380594,4.308492209428154
168,0.259303562460985,43.92866890626693,4.327130901033348
169,0.248967614732842,44.17763652099977,5.124893970822463
170,7.088894137365492E-4,44.178345410413506,4.858032098940222
171,0.10624312462510471,44.28458853503861,4.383157541491606
172,0.4587298599215069,44.74331839496011,6.838239536131686
173,0.0564767759050802,44.799795170865195,6.678198007849198
174,0.10999960532651315,44.90979477619171,5.330682794591161
175,0.45670476258845194,45.36649953878016,3.1254474010679454
176,0.4185788836262448,45.78507842240641,3.2360316807850817
177,0.006674986624726716,45.79175340903113,4.777231217600537
178,0.06926485753245414,45.86101826656358,3.848832336886906
179,0.15700874894198316,46.01802701550557,3.8248857581355242
180,0.2766740203313978,46.294701035836965,3.3474523172693744
181,0.2608768733502153,46.55557790918718,4.473405670913582
182,0.451855221554516,47.007433130741695,4.3422570941476355
183,0.1539931912696564,47.16142632201135,3.744857660409124
184,0.3376092662737357,47.49903558828509,5.511155916448088
185,0.0017796377852432148,47.50081522607033,3.4533723584310687
186,0.18324106025215753,47.68405628632249,6.824695236546665
187,0.02561120824481571,47.709667494567306,5.534161352491678
188,0.21615671036026063,47.925824204927565,3.0130913600658134
189,0.06876078108929083,47.994584986016854,3.851792714917736
190,0.386038406636269,48.38062339265312,6.477374452229977
191,0.24715025998939646,48.62777365264252,5.69634236076793
192,0.38879644812593434,49.016570100768455,6.475441238907489
193,0.33176323059646085,49.34833333136491,6.335081923055929
194,9.159207334799401E-4,49.349249252098396,6.734364257763573
195,0.0104698245829639,49.35971907668136,5.626986015706244
196,0.6276040449191181,49.987323121600475,5.350430168464754
197,0.2361257357918395,50.22344885739231,4.025606880239586
198,0.4533906198019318,50.67683947719424,6.68942992502011
199,0.33913265781946694,51.01597213501371,3.7502650043768417
200,0.17828730975512258,51.19425944476883,4.054106584092096
201,0.10933077479197033,51.3035902195608,3.8821262527491904
202,0.5237112727652533,51.82730149232606,5.870380406217974
203,0.24578504749069155,52.07308653981675,5.7432632824367165
204,0.5808531273184427,52.65393966713519,4.654630650736493
205,0.854032079972378,53.50797174710757,3.370099214434958
206,0.8217835395152543,54.32975528662282,5.552174761830039
207,0.11902347839921615,54.448778765022034,4.490809984937476
208,0.14421061351176048,54.592989378533794,4.461814379613937
209,0.03138708203496344,54.624376460568755,3.6227738467869344
210,1.0684381301540316,55.69281459072278,3.2618595948320857
211,2.855744301050298,58.548558891773084,5.067834485402948
212,0.6592134930056249,59.20777238477871,4.259966041344088
213,2.815107876058239,62.02288026083695,6.500406525268668
214,8.657196765980377,70.68007702681733,5.745995234243628
215,0.5702540718587972,71.25033109867613,5.507609534156501
216,16.22190745100292,87.47223854967905,5.462217869539327
217,12.576176743436418,100.04841529311547,3.0440595697820325
218,6.762517657322169,106.81093295043763,6.211680616367641
219,3.293828543401749,110.10476149383938,5.339463369024859
220,1.345706566010627,111.45046805985001,6.053593241276962
221,6.765465098520716,118.21593315837073,6.344876837692442
222,1.497118129198218,119.71305128756894,6.041282085013715
223,3.663386492166002,123.37643777973494,6.306179960980165
224,2.096079880855051,125.47251766059,4.042897436557485
225,3.8040773956630307,129.27659505625303,3.4029150197981117
226,1.6646251443290887,130.9412202005821,3.817502403786494
227,5.40706388489734,136.34828408547946,4.981999172407551
228,0.4561064772421792,136.80439056272164,3.732847303655187
229,13.24907264507258,150.0534632077942,3.0958799204955256
230,8.373782084099131,158.42724529189334,4.6977679714118095
231,1.251626007951846,159.67887129984518,5.255205747734377
232,4.939884969369681,164.61875626921486,6.655189359779879
233,0.651387297808532,165.27014356702338,4.253597581797306
234,13.469484348748315,178.7396279157717,3.9175434828738287
235,0.460818180600987,179.2004460963727,4.573126392336353
236,5.363506520851572,184.56395261722426,6.308346545006437
237,0.5216322646875019,185.08558488191176,4.297369641841181
238,3.5897368254790294,188.6753217073908,5.915192262848354
239,3.6022717334856535,192.27759344087644,4.478291776500315
240,3.49002026606543,195.7676137069419,4.311331385093591
241,1.0589719232093635,196.82658563015124,3.4937551638279296
242,4.693887322766289,201.52047295291754,5.7600157163987955
243,4.069658942279554,205.5901318951971,6.374895576490286
244,8.52009494776429,214.11022684296137,5.662860137917156
245,2.418920163132519,216.5291470060939,4.334093563700183
246,0.7037937843525445,217.23294079044643,3.5082506656029375
247,0.9469121601380937,218.17985295058452,6.210985091683995
248,2.6754984580817287,220.85535140866625,6.483707754265551
249,3.7074084026576166,224.56275981132387,5.817846173931663
250,1.785093787716268,226.34785359904015,4.745117170870732
251,10.747727294764854,237.095580893805,4.7720719052839256
252,4.314448079612333,241.41002897341733,4.4621959429617215
