1,0.0,0.0,3.665151399752866
2,0.0,0.0,3.716763547825495
3,0.0,0.0,6.125122724444429
4,0.0,0.0,4.851813803828685
5,0.0,0.0,5.780540746524933
6,0.0,0.0,6.3172895888579585
7,0.0,0.0,4.178744975695702
8,0.0,0.0,5.828805434675397
9,0.0,0.0,6.292552125770166
10,0.0,0.0,6.812993455642879
11,0.0,0.0,6.927764072736114
12,0.0,0.0,5.04870233948763
13,0.0,0.0,6.53369705485628
14,0.0,0.0,6.558630323695004
15,0.0,0.0,5.989474177078697
16,0.0,0.0,6.962103914275431
17,0.0,0.0,4.291058258001019
18,0.0,0.0,3.4824029577406863
19,0.0,0.0,4.165024856356364
20,0.0,0.0,5.110171013961925
21,0.0,0.0,6.446458819222352
22,0.0,0.0,6.035161579962988
23,0.0,0.0,6.005134515184039
24,0.0,0.0,6.305745586875847
25,0.0,0.0,6.090226154006242
26,0.0,0.0,6.025483992379494
27,0.0,0.0,3.1500070931076034
28,0.0,0.0,6.052053486839059
29,0.0,0.0,6.117119056239316
30,0.0,0.0,6.979107908342755
31,0.0,0.0,5.288972769548373
32,0.0,0.0,6.473821349777911
33,0.0,0.0,3.793931963170544
34,0.0,0.0,6.763430020678093
35,1.5517799333574833,1.5517799333574833,6.089323803764906
36,0.3588366772992156,1.9106166106566989,5.135700416663185
37,2.787956137187356E-4,1.9108954062704175,5.3131956693623605
38,0.3072498167921851,2.218145223062603,4.557252989517587
39,0.061487651442113406,2.279632874504716,5.679395683499427
40,0.7318941241799991,3.0115269986847153,6.577712523379217
41,0.6301348811503545,3.6416618798350697,4.733735652380998
42,0.21854375947974974,3.8602056393148194,6.189116233067628
43,1.0813087832189947,4.941514422533814,3.363721708499977
44,0.16348817850944306,5.105002601043257,3.738142261820675
45,0.2909264144317499,5.395929015475007,3.1481385228998793
46,0.422143171796157,5.818072187271164,3.1757473186083804
47,0.27328926399606307,6.091361451267227,4.177156302780739
48,0.2024063312606471,6.293767782527874,5.30519699099512
49,0.062010054369020934,6.355777836896896,3.2410275653437783
50,0.4493136827935714,6.805091519690467,6.718315694921632
51,0.2214199169963034,7.0265114366867705,5.001078771281724
52,0.30811862681542684,7.334630063502197,6.440036630967912
53,0.029145738515241052,7.363775802017438,6.624324629163846
54,0.2091285263556033,7.572904328373041,5.38611395571842
55,0.46506662291218803,8.03797095128523,6.928278295711401
56,0.024447556320775384,8.062418507606004,6.076610667440308
57,0.6474494462125969,8.709867953818602,4.23524209001738
58,0.49630292967743894,9.206170883496041,6.043497590996319
59,0.11290442737081649,9.319075310866857,3.9584737020292913
60,0.2726319633660788,9.591707274232936,3.826663903504577
61,0.026930046105807605,9.618637320338744,6.808451182792569
62,0.29371078626736885,9.912348106606112,6.169839571715112
63,0.7396592695176671,10.652007376123779,6.558588474897344
64,0.16380997927964716,10.815817355403425,6.716790982347765
65,0.8866870852637415,11.702504440667166,3.466095786370345
66,2.148323954865511,13.850828395532677,4.3771880553353615
67,0.03617176179036554,13.887000157323042,6.805427428187271
68,0.12454877312630377,14.011548930449345,5.053553761425652
69,0.05249944864085109,14.064048379090197,6.507972901995863
70,0.22817164882131347,14.29222002791151,6.077185707498083
71,0.05799922017268752,14.350219248084198,6.0187810398778225
72,0.3718045126989408,14.722023760783138,6.624873367252338
73,0.2159347655696289,14.937958526352768,6.723689130457883
74,0.045713348105905834,14.983671874458674,4.282424380853225
75,1.131070708856292,16.114742583314964,5.91027980765627
76,0.9141171811931829,17.028859764508148,3.990187832474634
77,1.2623057624816016,18.29116552698975,5.683857418659619
78,0.1905588163762687,18.481724343366018,5.711943963284515
79,0.1532156001795883,18.634939943545607,4.094313740961844
80,0.7055630172371783,19.340502960782786,5.3568285610219135
81,1.0950749964242654,20.43557795720705,4.877914337418788
82,0.22795675222295075,20.663534709430003,5.066171298001219
83,0.28734859729479423,20.950883306724798,5.239023002806263
84,1.0256425548583674,21.976525861583166,4.5854641047541715
85,0.6113711327496829,22.587896994332848,6.860632265094194
86,0.319049298957754,22.906946293290602,6.901805110109436
87,0.07089606870539102,22.977842361995993,3.781510217063847
88,0.5682032175663484,23.546045579562342,6.33463864755262
89,0.5284438083155116,24.074489387877854,6.459776086872614
90,0.7167514142505313,24.791240802128385,3.6879467733642395
91,0.018831131652006467,24.810071933780392,4.18887544438379
92,0.5518777063909984,25.361949640171392,5.696686920632468
93,0.3117633894032333,25.673713029574625,3.1485309232603074
94,0.09097633090703992,25.764689360481665,3.549722523325274
95,0.025737159020501808,25.790426519502166,5.4063316036044275
96,0.6942557541240677,26.484682273626234,6.51838583290283
97,0.23396123996527704,26.718643513591513,6.1213578832834
98,0.18096168609219848,26.899605199683712,6.234721001917715
99,0.2964808847981827,27.196086084481895,6.436532582216517
100,0.13994791692227423,27.33603400140417,5.27706217294545
101,0.29754857736327894,27.63358257876745,5.33424663391262
102,0.9124554034464022,28.54603798221385,3.2153939117019457
103,0.11622930145769665,28.662267283671547,5.1911694883745545
104,0.09865912759330349,28.76092641126485,3.0524638878584973
105,0.08199640301512798,28.84292281427998,5.557366462844996
106,0.2547016239947825,29.097624438274764,3.221707382918241
107,0.04432783754366341,29.141952275818426,6.264880242636305
108,0.2892410582610621,29.431193334079488,4.347082426862988
109,0.10134066047919482,29.532533994558683,6.990084844951406
110,0.6225512287426848,30.155085223301366,4.334382561202771
111,0.25403287584993683,30.409118099151303,3.43878407128392
112,0.44692792578930346,30.856046024940607,6.143412462700923
113,0.03142432260040978,30.887470347541015,6.491677749855311
114,0.13157625229911957,31.019046599840134,6.960920553897491
115,0.5730782376616543,31.59212483750179,4.04918468718078
116,0.032208034365519694,31.62433287186731,4.8455273809627535
117,0.1940025128130819,31.818335384680392,4.839289123791788
118,0.23737172828365066,32.05570711296404,4.996937525989827
119,0.45585041141249916,32.51155752437654,6.868282637595411
120,0.9643819672120401,33.47593949158858,5.896156931762169
121,0.8230391809271078,34.298978672515695,3.7168402293410403
122,0.5562634206119642,34.85524209312766,6.481460738952633
123,0.10929610494053435,34.96453819806819,4.811676548731223
124,0.029693940205410996,34.9942321382736,4.361141469747406
125,0.02393309582318453,35.018165234096784,6.7005312243605175
126,0.7725478112886136,35.790713045385395,3.499076100151688
127,0.7340831344689839,36.52479617985438,5.006306543062436
128,0.17264787558025552,36.69744405543463,6.722376327223842
129,0.7123824805104967,37.40982653594513,5.058989993652338
130,0.39780649330155265,37.80763302924668,5.654443439164401
131,0.8150369384818196,38.6226699677285,6.40921253468438
132,1.1875553432055024,39.810225310934,4.719774380897295
133,0.022684687023513176,39.832909997957515,4.722394038359347
134,0.33159906159923047,40.16450905955674,4.98652353971624
135,0.19918314990129227,40.36369220945804,6.574237529288814
136,0.3014403225471545,40.66513253200519,5.368996367696122
137,0.5499704583314838,41.215102990336675,4.956646698460187
138,0.07593318629068187,41.29103617662736,3.726528326654935
139,0.6979674212287428,41.9890035978561,5.790830257800372
140,0.33595813821236115,42.32496173606846,6.132998067489277
141,1.052529934672971,43.37749167074143,4.0903250016499335
142,1.4562988462521227,44.83379051699355,4.079156292128223
143,0.6606812249880433,45.4944717419816,3.73542435027976
144,0.2618424498091648,45.756314191790764,6.586706460939794
145,0.11324968734581826,45.869563879136585,3.453217487339018
146,0.03531483804438148,45.904878717180964,5.156522357932798
147,0.18401998077811305,46.088898697959074,6.687584287451022
148,0.14989731239008391,46.238796010349155,4.737320846006023
149,0.27026920627292556,46.50906521662208,4.6071769945817005
150,0.19272351248168204,46.70178872910377,6.515343160694248
151,0.10115282735259037,46.80294155645636,3.4764536507111745
152,1.464661091122537,48.2676026475789,3.6747832962033637
153,1.564502928646231,49.83210557622513,6.1387446139534365
154,0.11901281490811086,49.95111839113324,4.2330600443577175
155,2.1345628872591553,52.0856812783924,4.521817021318374
156,0.21844329854526248,52.30412457693766,6.943639405490577
157,1.041085030006014,53.345209606943676,6.200585698077214
158,0.6013129648289528,53.94652257177263,5.789575524398072
159,0.08551740597185525,54.03203997774449,6.976783726415011
160,1.6655118011839816,55.69755177892847,3.0764953528644137
161,0.2984197439058871,55.99597152283436,3.215166252138246
162,0.099795004257836,56.095766527092195,5.932304366748929
163,0.09255971748096714,56.18832624457316,4.538897179224056
164,0.09455233441174389,56.282878578984906,3.449017550647885
165,0.031374768397616715,56.314253347382525,5.7126049784734025
166,0.41429680644574635,56.72855015382827,4.8979346960403465
167,0.9621315633079207,57.690681717136194,6.392547670613319
168,0.6056191867560473,58.29630090389224,3.856453248747645
169,0.19808661957878862,58.494387523471026,3.682806338636145
170,0.9571046856143904,59.451492209085416,3.80508243803826
171,0.5746897657712473,60.02618197485666,6.979415175467032
172,1.629364808215157,61.65554678307182,5.147267236040715
173,3.94170781922099,65.59725460229281,4.861290577451351
174,0.31340813737583856,65.91066273966865,4.793195031066977
175,4.282933093497018,70.19359583316567,3.8008680544694675
176,4.262505131824583,74.45610096499026,3.6546417483014637
177,0.34692974965566026,74.80303071464591,3.5357152588905367
178,12.602879015410142,87.40590973005605,5.501689911467761
179,3.1421235974796256,90.54803332753568,4.200638179387378
180,7.886284463275521,98.43431779081119,5.112583033872877
181,0.9847448027542048,99.4190625935654,3.0292097286002817
182,6.289141327568423,105.70820392113382,5.090038271667771
183,0.43635348162347254,106.14455740275729,5.199699280255093
184,3.260879802029708,109.40543720478699,6.588721808256443
185,8.109858158156445,117.51529536294343,3.230571698199846
186,8.184266536077665,125.69956189902109,4.845701211601764
187,1.1820706501031624,126.88163254912425,6.296573277293188
188,0.07574158579977275,126.95737413492402,4.8703223205052915
189,0.5367989138734431,127.49417304879746,3.8725993457378785
190,4.481996037282502,131.97616908607998,5.669139541410306
191,0.6976891199707989,132.67385820605077,4.7234860733935315
192,5.806536195341568,138.48039440139235,5.680363271478729
193,1.4422971956863162,139.92269159707865,6.672169860107132
194,2.869626874296622,142.79231847137527,5.0392829345385355
195,0.8447072721433675,143.63702574351865,3.8908261439820024
196,4.182848491923515,147.81987423544217,6.5717454366980625
197,0.7739568267940594,148.59383106223623,6.818695465436139
198,0.6354669366818534,149.2292979989181,5.083521282215776
199,2.401252372358912,151.63055037127702,4.550159645158082
200,6.179969983306508,157.81052035458353,6.810467987028843
201,0.2630558295986588,158.0735761841822,4.094493983075433
202,4.87143905643418,162.94501524061639,4.959316396131794
203,2.3591936517738006,165.3042088923902,4.930110174511072
204,1.3808286507321552,166.68503754312235,3.291848599250516
205,5.956983733147237,172.6420212762696,6.387896841574415
206,5.1572048584743,177.7992261347439,4.4441416825223
207,4.076542636311798,181.87576877105568,4.412546480507621
208,2.6951136087629157,184.57088237981858,6.410964958780326
209,13.487202378916972,198.05808475873556,3.0342683284557377
210,9.777910930256256,207.83599568899183,6.441154365571672
211,2.136760975047733,209.97275666403957,6.882103122443814
212,4.764315830464522,214.73707249450408,3.347172667503476
213,5.29058441916252,220.0276569136666,4.943943921557903
214,4.690456712104068,224.71811362577066,6.6661509552805756
215,0.1281383282271795,224.84625195399784,6.248774489210096
216,1.4535812085120703,226.2998331625099,5.76028877896863
217,1.0393473595663292,227.33918052207625,3.753286631672499
218,2.404696728842713,229.74387725091896,3.5855503441286762
219,14.026273590925701,243.77015084184467,5.49094966837554
