1,3.090765898883552,3.090765898883552,8.206037487704076
2,1.84367689016146,4.934442789045011,10.563999314028614
3,11.078500090293668,16.01294287933868,7.9391390133918485
4,5.440387554320361,21.45333043365904,11.017982750606727
5,1.1600061804773807,22.613336614136422,9.840473181786553
6,2.432862996732785,25.046199610869206,9.757231994276188
7,7.510650511965789,32.556850122834994,14.21873341983917
8,10.169482075880758,42.72633219871575,10.297626858979823
9,0.2778438046434047,43.004176003359156,6.406367920899224
10,6.389551129348884,49.39372713270804,9.939968294770107
11,5.248728916047534,54.64245604875557,9.779712208782422
12,3.8620221447477006,58.50447819350327,11.991203147599393
13,2.869975300703842,61.37445349420711,14.77122641876908
14,0.17756419603334833,61.55201769024046,14.622221916515292
15,0.14404648412747328,61.69606417436793,12.670396075973475
16,1.777162700863312,63.47322687523125,8.92903302507989
17,0.5639923535706461,64.03721922880189,7.908220818244079
18,2.2678151285333263,66.30503435733522,5.553623817014724
19,0.4183632891147668,66.72339764644998,8.888748807671837
20,1.595725498308888,68.31912314475888,6.342315932383267
21,0.15785617062285112,68.47697931538173,8.822498922208139
22,0.36819933334099086,68.84517864872272,6.763262119071683
23,1.2573054743648928,70.10248412308762,6.84854907773749
24,0.6284355032181753,70.73091962630579,9.065572395440602
25,1.8224736504629038,72.5533932767687,9.263864596677681
26,0.07071724278523354,72.62411051955394,13.74173951782145
27,0.46964824877319716,73.09375876832713,9.488356793524012
28,0.5644243463158829,73.65818311464302,5.715181937211067
29,0.7865326314032913,74.44471574604631,8.904628410725476
30,0.01869940252696723,74.46341514857328,11.704269537823624
31,1.657142277344381,76.12055742591765,9.454623858961197
32,2.754512312014809,78.87506973793246,7.530323039765841
33,1.4949553181597934,80.37002505609226,6.325197921736708
34,0.5376264388808167,80.90765149497308,10.512329368509366
35,1.867967908996854,82.77561940396994,11.85998454167617
36,0.6461749078038339,83.42179431177378,13.138195105324277
37,0.01613654342509339,83.43793085519887,14.445058978538674
38,0.8444104552083871,84.28234131040726,12.451996784978236
39,0.37357459070880283,84.65591590111606,12.260226337801136
40,0.42384346658340166,85.07975936769947,9.479314657602597
41,0.1987693314080941,85.27852869910755,9.678146624678767
42,1.5321086307263652,86.81063732983392,12.118064481323845
43,0.9040038342882418,87.71464116412217,10.661487761743569
44,0.4886515993041545,88.20329276342632,8.731521938895632
45,0.07955444463048733,88.28284720805681,6.898642790567112
46,0.0914929314237889,88.3743401394806,5.687965036767037
47,0.2953377523374613,88.66967789181805,12.933007420397484
48,0.21945747408596905,88.88913536590402,12.72892890268032
49,1.1853470930596153,90.07448245896364,5.861689285272764
50,0.6396728104187694,90.71415526938242,9.884091677453451
51,0.9026911549199571,91.61684642430238,10.144419936663603
52,1.5705992848075547,93.18744570910994,6.914374267103314
53,1.1798607260969212,94.36730643520686,13.26579454380719
54,0.3212582673656643,94.68856470257252,6.791158315430108
55,1.805721363567276,96.4942860661398,12.09004300532646
56,0.1778213544436514,96.67210742058344,12.51303983434012
57,0.5013583674021784,97.17346578798562,12.60186095185805
58,0.857094591991143,98.03056037997676,5.181675168118302
59,0.013094169837951575,98.04365454981472,6.045992118463779
60,0.6283948766819258,98.67204942649664,6.38428905385105
61,0.0645083992025218,98.73655782569917,6.266305548325443
62,0.8660038468148026,99.60256167251397,14.811734754402538
63,1.3962647810707796,100.99882645358475,13.481223042094365
64,1.4567607179892448,102.455587171574,9.773674910256048
65,0.2032951403303968,102.65888231190439,7.574538689084427
66,2.6456316488698595,105.30451396077426,13.172264391985806
67,6.328277161550787,111.63279112232505,13.591803787268164
68,1.1730265002602873,112.80581762258534,8.203686359746289
69,0.4764568890885483,113.28227451167389,8.79423170949524
70,0.5644170433089322,113.84669155498283,6.043327788645345
71,3.665046222630552,117.51173777761338,9.867157928241449
72,0.05672603237016798,117.56846380998354,6.963484207258203
73,0.01098858491958283,117.57945239490313,12.810569098693591
74,0.8540829646509926,118.43353535955413,7.4278071633960385
75,0.21830188676641452,118.65183724632054,8.13837479322159
76,1.3126491678052121,119.96448641412576,14.706113262104314
77,0.259481634566401,120.22396804869216,12.363142723535509
78,0.6345877984641798,120.85855584715634,11.616025176422676
79,0.3786549160225465,121.23721076317888,6.1443633047644735
80,1.2691412757479283,122.5063520389268,14.379713600128241
81,2.2162683445543765,124.72262038348119,5.801031985877944
82,0.9664484736900192,125.68906885717121,13.525949436012173
83,4.69942968235996,130.38849853953116,7.441863450768107
84,0.2636816416726498,130.65218018120382,9.744076410717623
85,0.6940918997950736,131.3462720809989,9.462532992191832
86,0.5867234415492056,131.93299552254808,14.68492200613103
87,1.4064638648707608,133.33945938741886,6.5439878300661505
88,0.2544533996048449,133.5939127870237,8.463270665249976
89,1.3939187747658475,134.98783156178953,11.60409879610489
90,0.5701958246636117,135.55802738645315,13.869533119583815
91,0.7533562354452664,136.31138362189841,8.782795377362744
92,1.1885358906380852,137.4999195125365,11.136588834843305
93,0.40193307646651855,137.90185258900303,10.133322842024384
94,1.1340678801524329,139.03592046915546,8.586344557974714
95,0.02095478336425168,139.05687525251972,8.057644430016785
96,1.2410495102078627,140.29792476272758,7.098392551031321
97,0.49957011785586236,140.79749488058343,11.112674181936718
98,0.34166391462161183,141.13915879520505,13.6336935841556
99,1.5380625210229004,142.67722131622796,6.698664943930038
100,1.6208366182264753,144.29805793445442,8.653475986369772
101,0.5788434626065868,144.876901397061,12.892607430093623
102,1.004913428865029,145.88181482592603,11.112161533993284
103,0.18619587826694928,146.06801070419297,12.525855039590606
104,0.4180234120830961,146.48603411627607,6.6403500795320145
105,0.19014252637281195,146.6761766426489,12.504243701013927
106,0.12045272108946635,146.79662936373836,11.760658888153635
107,0.4999284416850216,147.2965578054234,8.182506794454696
108,1.4044354199780567,148.70099322540145,10.052914530811764
109,0.04163751414782444,148.74263073954927,8.5023687716755
110,0.6023208844726392,149.34495162402192,7.906424756045852
111,0.017684776104276573,149.3626364001262,14.46918191002035
112,0.13605214861263823,149.49868854873884,13.080853261671896
113,0.9660337871644185,150.46472233590325,13.75019896425966
114,0.8217843013592557,151.2865066372625,12.5562698586305
115,0.4317502606306383,151.71825689789316,12.051511950414312
116,0.3138958273854895,152.03215272527865,6.457243685724165
117,1.0799622815486,153.11211500682725,6.048903983872177
118,2.054828353028405,155.16694335985565,5.4056816299773764
119,0.0076371472550036575,155.17458050711065,8.987835485990484
120,0.6885584118265056,155.86313891893715,13.921262469734884
121,3.0122993195832546,158.87543823852042,6.575325075377921
122,1.3542512998666578,160.22968953838708,7.219470713379863
123,0.7877533785504339,161.0174429169375,6.9556362140150405
124,0.15327663825393203,161.17071955519145,8.052429396004058
125,1.2893548087504694,162.4600743639419,9.407230194114478
126,1.1234414215956012,163.58351578553751,6.132664977756007
127,1.4131004353872723,164.99661622092478,11.66879151605744
128,1.5889241059280523,166.58554032685282,11.398821692402663
129,0.2295365211502392,166.81507684800306,13.45708450397459
130,0.29367243511147806,167.10874928311455,5.734151189002979
131,1.6832902869654986,168.79203957008005,11.513951164934038
132,0.5877857681201002,169.37982533820016,11.180049431809532
133,1.8399718604630912,171.21979719866326,8.988264139850793
134,0.3518895948973585,171.57168679356062,14.837059409314225
135,0.6399309829819292,172.21161777654254,13.59978778959156
136,1.506351879883976,173.7179696564265,6.788064734665293
137,0.8587468862525719,174.57671654267907,13.934469512936609
138,0.24027775781787097,174.81699430049693,12.07020155171455
139,0.23220519251007452,175.049199493007,6.39304428935702
140,0.17216651239791508,175.22136600540492,11.856587082101292
141,1.5469836425044683,176.7683496479094,9.445083239534053
142,2.1404080538889954,178.90875770179838,14.374616127002557
143,0.1685260167157216,179.0772837185141,8.92614260061192
144,0.34200178057960195,179.41928549909372,13.399193142944561
145,0.06941035038768043,179.4886958494814,6.717428609010892
146,0.47034247965491877,179.95903832913632,8.948407410669635
147,1.2319249598448334,181.19096328898115,13.177513808333764
148,0.6696215145980788,181.86058480357923,12.63931389449039
149,5.107052250271048,186.96763705385027,9.804469992033958
150,2.7428893560876544,189.71052640993793,11.71275557006254
151,12.988865028819038,202.69939143875698,7.21501073914796
152,1.134639470744748,203.83403090950173,7.861575163193297
153,11.6812234844547,215.51525439395644,14.414315575251166
154,10.14798733685784,225.6632417308143,7.472433012735732
155,1.8099445548807238,227.47318628569502,14.210569886094282
156,1.3137357404307748,228.7869220261258,12.57943321880861
157,24.66967375800076,253.45659578412656,12.764541158707669
