1,4.004989015683421,4.004989015683421,13.238192085213992
2,2.9755770491938276,6.980566064877248,8.568482953504725
3,1.685007994774074,8.665574059651322,8.404657395877013
4,6.272081974797015,14.937656034448336,12.914650359435939
5,4.0940440906738225,19.031700125122157,6.534193011109265
6,0.2212889752556296,19.252989100377786,12.24726762529217
7,3.7885896070196985,23.041578707397484,7.73356763782324
8,8.415735333743285,31.45731404114077,11.301321974911948
9,1.427909103757601,32.88522314489837,13.774753622176195
10,1.341056483492965,34.22627962839133,8.584338936499922
11,0.29552573097218415,34.52180535936352,11.598974218455869
12,2.3514565440566684,36.873261903420186,10.805856839105022
13,3.3260414204327815,40.199303323852966,14.513169248218986
14,9.544916725402713,49.74422004925568,14.03323792369588
15,5.479015625425979,55.22323567468166,7.028927850575071
16,1.62895045680771,56.85218613148937,10.012759715731265
17,10.0840928160917,66.93627894758107,8.824449536591343
18,0.8339603197041595,67.77023926728523,8.704306106926335
19,0.05420208517403611,67.82444135245927,7.790753896207062
20,0.18476535833054242,68.00920671078981,14.477898658606922
21,0.05646510439316352,68.06567181518298,6.4822234141223225
22,2.032912498156313,70.09858431333929,5.669757227193447
23,0.6842697462354903,70.78285405957477,9.846034591621327
24,3.3357907290867232,74.1186447886615,7.711706732523357
25,3.7952927965505454,77.91393758521204,5.95479306863492
26,0.6207918444177849,78.53472942962982,7.464397433210854
27,1.6582313112676148,80.19296074089743,9.050477810081752
28,0.14259481843338495,80.33555555933081,12.369851584832332
29,0.49348102046954967,80.82903657980036,12.467673012196773
30,1.0764160736119837,81.90545265341234,9.319486897046238
31,0.785062287830416,82.69051494124275,8.002741354573528
32,0.9079754213144781,83.59849036255723,6.5493518507057304
33,0.47892353460339593,84.07741389716062,12.936048600736349
34,4.265379114079246,88.34279301123988,7.759491366264215
35,1.3048480083483964,89.64764101958828,10.115257321995923
36,0.929417763720082,90.57705878330836,12.862495686444397
37,0.27210760444052234,90.84916638774888,7.930632219274095
38,0.23017535718972684,91.0793417449386,14.387989962738294
39,1.0780835226210936,92.1574252675597,6.356033632504847
40,0.01546742196433048,92.17289268952403,11.458417043855084
41,0.7898017420079797,92.96269443153201,5.430855251425286
42,1.1313612619943334,94.09405569352634,8.395875466833608
43,1.7943063140711346,95.88836200759748,7.45635338861284
44,0.5008662021992698,96.38922820979676,8.696217589328317
45,2.0148058093811403,98.4040340191779,8.028068135085114
46,0.9203047248930556,99.32433874407096,11.662546440499105
47,1.1430193850202455,100.4673581290912,5.691482669556072
48,0.43478111206926134,100.90213924116046,8.716349479092862
49,0.08959097528287661,100.99173021644333,13.54330590065175
50,0.480765304216254,101.47249552065958,13.570304961093683
51,0.14996969142555003,101.62246521208513,7.54854633417726
52,0.22663303325548753,101.84909824534061,11.437391268953574
53,0.4061561075450757,102.25525435288569,13.285125062629511
54,1.4985695400551544,103.75382389294084,9.16978698339405
55,0.2262827897928675,103.9801066827337,5.68165929677399
56,0.07365848852948509,104.0537651712632,7.892742357177833
57,0.19182621667085703,104.24559138793406,10.04749057693008
58,2.9280768027742594,107.17366819070831,14.23434731816948
59,0.20728802453005588,107.38095621523837,14.547989867397908
60,0.17290611362836855,107.55386232886674,5.91397507787857
61,5.358682095984838,112.91254442485157,8.817200649404864
62,0.7084390629609029,113.62098348781248,8.47837290643589
63,0.2743414120186817,113.89532489983117,14.124569996491246
64,2.6419925002937528,116.53731740012492,8.257710968724679
65,1.2128200593745446,117.75013745949947,9.845169169547791
66,0.09259028928547597,117.84272774878495,12.850545757446334
67,3.3890824039126524,121.2318101526976,14.887002910041785
68,0.4498694480991075,121.68167960079671,8.584691999929113
69,0.8043395721515614,122.48601917294828,13.250767876103753
70,0.10446041440966557,122.59047958735795,8.587544280877148
71,0.5025766102336192,123.09305619759157,12.647750893509947
72,0.8626631152005263,123.9557193127921,14.731391821405746
73,0.14875917731687985,124.10447849010897,12.758525455976667
74,2.8851061516572822,126.98958464176626,8.984787108551965
75,0.20792421794632204,127.19750885971258,8.577031704485803
76,2.296107794575011,129.4936166542876,13.22559190619412
77,1.29046506893335,130.78408172322094,8.323838173150467
78,0.04247331950693511,130.82655504272788,10.900909605478759
79,0.5154708279454248,131.3420258706733,9.892642504338848
80,1.063040227649279,132.40506609832258,9.555699781360786
81,0.3718014614824677,132.77686755980505,9.755556085591227
82,0.588453327679438,133.3653208874845,12.96299007822775
83,0.3630254914930801,133.7283463789776,10.429056815031691
84,0.7826661104283799,134.51101248940597,8.474265069012386
85,2.1286016762162205,136.6396141656222,11.384118716271477
86,0.5394646602633011,137.17907882588548,10.064160550500624
87,0.6889629885169019,137.86804181440237,8.423179026334235
88,0.35451732318737444,138.22255913758974,5.718207034824767
89,1.1727725156672277,139.39533165325696,5.065964028286521
90,0.4620896160201327,139.8574212692771,10.466387291010731
91,0.11483111176736728,139.97225238104446,7.667221888083233
92,0.42435852878804037,140.3966109098325,11.673329391708549
93,0.044130896566118814,140.44074180639862,13.740055880581657
94,1.9527821400380787,142.3935239464367,8.19345093481684
95,2.73295897390278,145.12648292033947,6.397522870724318
96,0.47251224526182395,145.59899516560128,9.973750626855248
97,0.12106646804982454,145.7200616336511,9.629495360987995
98,2.5488572726812846,148.2689189063324,12.170777740267043
99,1.6760682998743872,149.94498720620678,7.817094941879864
100,0.44669177665611615,150.39167898286289,13.54752563530748
101,0.6921813062749079,151.0838602891378,13.65769332932704
102,1.397950016581627,152.48181030571942,7.104827943868863
103,0.3229811976911367,152.80479150341057,10.161366655710324
104,0.23615543932959904,153.04094694274016,6.868128917230221
105,0.6912662320370512,153.7322131747772,14.912115471406594
106,0.2560123509956072,153.9882255257728,12.43824806737567
107,0.21132797388611665,154.19955349965892,9.419490305547054
108,0.4437972023967184,154.64335070205564,8.17825517036553
109,0.021257624403716667,154.66460832645936,8.42681216017343
110,0.308867069581943,154.9734753960413,13.186011450152286
111,0.863741744167341,155.83721714020862,5.023742950086931
112,2.1004387335118584,157.93765587372047,14.772949026535926
113,0.002872184616220884,157.9405280583367,9.176925143880453
114,0.9442013654950632,158.88472942383177,9.263330961518692
115,0.4544954985883257,159.3392249224201,7.372349108434294
116,0.873925901104132,160.21315082352424,8.924222147084643
117,1.9908970358536215,162.20404785937788,5.592124914547743
118,0.5216635564890242,162.7257114158669,5.450198019582071
119,1.9989999371492067,164.7247113530161,5.836271192473326
120,0.6638389389422492,165.38855029195835,5.332773198467715
121,0.2323390376306526,165.620889329589,10.752911553218588
122,1.4258521331370282,167.04674146272603,7.807986306351675
123,1.1065942021423478,168.1533356648684,10.644583498626488
124,0.3451491727233981,168.4984848375918,11.174334331919763
125,0.030016931816185796,168.528501769408,9.827974863404362
126,0.2741959380102205,168.80269770741822,10.130585436896354
127,4.136322751990644,172.93902045940885,9.57032422800451
128,0.44591668104825066,173.3849371404571,8.766938331659361
129,0.3664100640853332,173.75134720454244,11.854839341930518
130,0.4741539661095184,174.22550117065197,7.772673876470902
131,0.24081803514778916,174.46631920579975,5.055232037277819
132,2.649665708230107,177.11598491402987,6.722970725909507
133,0.11204347767191403,177.22802839170177,5.945184642700818
134,3.4439621150857267,180.6719905067875,11.379738312314124
135,5.363004700460371,186.03499520724787,13.746322109529395
136,2.7193086721415445,188.75430387938943,9.072673003271978
137,20.06881986284452,208.82312374223395,10.448853375405307
138,0.20262534564462295,209.02574908787858,5.356530803383771
139,10.043631994886603,219.06938108276518,11.451176064874362
140,5.649634870049345,224.71901595281452,14.671478312944735
141,4.88762879063482,229.60664474344932,9.490152008347746
142,6.5404030923419745,236.14704783579128,8.364903190285805
143,22.94405976790936,259.09110760370066,12.65165026078213
