1,32.389969616145976,32.389969616145976,11.821465384022535
2,6.338450363985629,38.728419980131605,8.19243102714586
3,3.440390081931089,42.1688100620627,11.607547861440352
4,6.6281238270180065,48.796933889080705,7.138762593817388
5,4.358368556219499,53.15530244530021,12.358150259564969
6,17.664191850684464,70.81949429598467,8.52207333297142
7,0.1699289585488815,70.98942325453355,10.075635108076854
8,0.14294923347831362,71.13237248801187,12.344120329407431
9,1.0670711648554865,72.19944365286736,10.809826581596049
10,0.1794858527290165,72.37892950559637,5.18228062137235
11,0.7331285489860566,73.11205805458243,9.437629640167843
12,0.8895071380610089,74.00156519264344,10.294103464407641
13,0.6977192967032766,74.69928448934672,5.3771035582629745
14,2.0246354731365988,76.72391996248332,8.133534687063518
15,2.1461081828743507,78.87002814535768,6.661328285243292
16,1.5160636792615576,80.38609182461924,7.688086959649939
17,0.9900421254653269,81.37613395008457,7.49803951642485
18,0.3413931709521772,81.71752712103674,14.040585037729072
19,1.4977058656003115,83.21523298663705,14.261396964220094
20,0.011186667867155263,83.2264196545042,5.308901702404992
21,1.4876505233452355,84.71407017784944,10.714502971885
22,1.3390972965174575,86.05316747436689,6.026332168917243
23,1.0359880405207744,87.08915551488766,6.750235727502077
24,0.38131889812736286,87.47047441301503,12.393858411648882
25,0.011801021717427794,87.48227543473246,14.24986587703196
26,0.3133857374849704,87.79566117221742,12.386472004978808
27,1.0955346037885085,88.89119577600593,13.642459272333431
28,0.2015109663158545,89.09270674232178,6.0002057592352855
29,3.139325291490675,92.23203203381246,13.851235198110608
30,0.16943453631004934,92.40146657012251,6.577714591704479
31,0.03188882167942068,92.43335539180192,13.114612283191224
32,0.5945957311410064,93.02795112294294,13.973376772743194
33,0.06089840603806677,93.088849528981,7.189001908617292
34,1.3910141337956845,94.47986366277668,14.564826367101679
35,0.4662727409425061,94.94613640371918,14.903477286799449
36,1.1030656436845174,96.0492020474037,11.788311716590975
37,1.8487368040143155,97.89793885141802,7.391733503218278
38,1.085015109335377,98.98295396075339,6.15737359838178
39,0.193155151609221,99.17610911236261,12.57129166148988
40,2.1315037608652134,101.30761287322782,6.8948268330286915
41,1.480417743954815,102.78803061718264,14.746498094029045
42,0.6042647912382664,103.3922954084209,12.426836844043994
43,0.21046551950834397,103.60276092792925,12.639248403312344
44,0.764604065861287,104.36736499379055,8.100110718414722
45,0.48760733402896855,104.85497232781951,6.949001543569806
46,0.8069970075435163,105.66196933536303,14.595449276938457
47,0.12934406360552247,105.79131339896855,6.040024829465649
48,3.515477336016457,109.30679073498501,6.4234537682350386
49,0.6182174074507247,109.92500814243574,11.601339062115716
50,0.6093240547321486,110.53433219716788,12.635663052938888
51,1.7451386538163352,112.27947085098423,7.780056383595063
52,0.04174708073469269,112.32121793171892,5.747222977970975
53,1.3873265139760835,113.708544445695,11.902594845663558
54,0.5357412040150076,114.24428564971001,13.985493908421077
55,1.068570050031467,115.31285569974148,14.013525114305915
56,1.7966413021795438,117.10949700192101,10.85725490339571
57,1.0448972708715567,118.15439427279257,9.016382396003143
58,0.4045787261020312,118.5589729988946,5.399643664131975
59,0.4167191633150606,118.97569216220967,11.392584045832201
60,0.18070484533858341,119.15639700754825,13.093387783898327
61,0.12535994537860437,119.28175695292686,12.921870367508479
62,2.2331212332906336,121.51487818621749,11.919777715456197
63,0.9929518023470323,122.50782998856452,11.315891346415986
64,0.7092821195142256,123.21711210807875,14.562472332612705
65,0.6002009126790947,123.81731302075785,13.974197111033902
66,0.5993887588549937,124.41670177961285,9.726618547988036
67,0.06522321980128022,124.48192499941413,5.977692211831732
68,0.029035268368869716,124.510960267783,8.94978903898734
69,0.05159998335880278,124.5625602511418,5.249691266204415
70,4.421267443734391,128.9838276948762,13.394040485475191
71,0.14492258567034738,129.12875028054654,7.97785622810269
72,0.7628138949312913,129.89156417547784,11.049365659032215
73,1.2666827786634363,131.15824695414128,5.151778086394312
74,0.2703101766433227,131.4285571307846,9.192496433510314
75,0.14795698653101944,131.57651411731564,11.389407836157115
76,0.012957115593363563,131.589471232909,12.338283012367034
77,0.5679388237321404,132.15741005664114,12.959508973618671
78,0.8577639822058063,133.01517403884694,9.536534788589524
79,1.4436597353671057,134.45883377421404,9.145659416481298
80,1.3604567324387518,135.8192905066528,12.32349432662838
81,1.0245626097766525,136.84385311642947,7.517604320614911
82,0.6415762410386681,137.48542935746815,10.824546954288797
83,0.0019365724933166186,137.48736592996147,8.353276222895193
84,0.24863414069838694,137.73600007065986,11.012540273633263
85,1.4433330197499379,139.17933309040978,8.242356950605306
86,0.29932544835175146,139.47865853876152,11.720102609333557
87,0.3222017530131825,139.8008602917747,7.013805737322178
88,0.8991958933066636,140.70005618508137,12.957003319638178
89,0.2621704082963671,140.96222659337772,13.200590928777428
90,6.726665381340647E-4,140.96289925991584,7.3169363078364675
91,0.1539228463632205,141.11682210627907,14.735015122176815
92,0.5969650440294979,141.71378715030858,13.302228937527879
93,1.0085139028995957,142.72230105320818,8.698378226694265
94,0.4092550655266029,143.13155611873478,10.465723854123876
95,3.2527004749115003,146.38425659364628,7.549482817692287
96,2.107829659364704,148.492086253011,8.571969327793317
97,5.548347112107812,154.04043336511882,8.930731486131574
98,1.5113649362879602,155.55179830140676,12.322688965924288
99,0.018680869867027664,155.5704791712738,11.551834766953291
100,0.010041163965320322,155.58052033523913,12.955604323894608
101,0.3125968902648125,155.89311722550394,5.512447041012357
102,2.541365182164153,158.4344824076681,12.440419371618198
103,0.6141100673585995,159.0485924750267,8.206532354062333
104,1.7388025467083428,160.78739502173505,8.47176509014001
105,0.9937931391729532,161.78118816090802,5.352481830819121
106,1.0313532629366096,162.81254142384464,13.055360845348941
107,6.530458224837527,169.34299964868217,10.119682052176724
108,0.7591574900853342,170.1021571387675,12.910391227007654
109,0.9038730027707842,171.00603014153828,13.110249061144266
110,1.3355695524873272,172.3415996940256,9.503476968957207
111,1.1654927353756763,173.50709242940127,10.456030074572837
112,0.7169354083423753,174.22402783774365,6.826375015949812
113,0.00300126285228806,174.22702910059593,11.356180102198401
114,2.552098420963615,176.77912752155953,7.814411587216169
115,1.382311119290476,178.16143864085,6.511035083285229
116,0.2758373696632986,178.4372760105133,13.029231991548937
117,0.39751334708891484,178.8347893576022,12.633499752937478
118,0.2979441853501746,179.13273354295237,10.845921206650939
119,1.1860419882796533,180.318775531232,9.400538939598798
120,12.557999229640133,192.87677476087214,13.532581244780829
121,24.267620158935436,217.14439491980758,10.717516304438757
122,0.6028940181985751,217.74728893800616,10.591134913207135
123,1.9620578259586279,219.7093467639648,10.754727897474831
124,9.735933417808214,229.445280181773,9.040807629505487
125,6.0575638221317565,235.50284400390476,7.0777076632049605
126,22.98874750860081,258.4915915125056,13.629859642339978
