1,10.887696458586753,10.887696458586753,8.574739001800602
2,6.065938268006374,16.953634726593126,9.071705837957982
3,4.19175503919459,21.145389765787716,10.844351574437049
4,1.2568873630063793,22.402277128794093,7.447929258837561
5,5.716005806139314,28.118282934933408,8.723459850436905
6,1.3630435403427774,29.481326475276184,10.185903758774622
7,0.7028837406265782,30.184210215902763,5.829587516702434
8,2.4683530557165865,32.65256327161935,5.498479581157011
9,7.581465584421418,40.234028856040766,6.476286631744532
10,4.536648940527428,44.770677796568194,13.142142781741544
11,0.9942405171932677,45.76491831376146,8.905614996182695
12,14.161063407199245,59.925981720960706,6.162426730868549
13,4.489080515854422,64.41506223681513,10.961981936401788
14,0.3446559738079536,64.75971821062309,7.182666258718003
15,1.5627262110849796,66.32244442170807,10.803087032182196
16,1.0545734499760195,67.37701787168409,10.860697369921722
17,0.3788201980892507,67.75583806977333,7.50753385094463
18,2.715658005217157,70.47149607499048,13.799721646751944
19,0.356748201345388,70.82824427633587,10.723959948179129
20,0.11819619134129437,70.94644046767716,5.243376528724592
21,1.8512040389452997,72.79764450662246,7.107106536085347
22,0.8699284257794643,73.66757293240192,6.935680282136257
23,0.45128175703179024,74.11885468943372,10.818781531751963
24,0.2230955746221469,74.34195026405587,14.72768938153896
25,0.0784532199358157,74.42040348399168,8.005872732998167
26,1.0860311973394428,75.50643468133111,7.471718069864107
27,0.03149882400216128,75.53793350533327,13.52827894359397
28,1.1527805149571975,76.69071402029047,8.763785304796924
29,0.2868018802984956,76.97751590058897,13.97074276608506
30,0.4206543265085872,77.39817022709755,9.414102823224093
31,0.074696193406329,77.47286642050388,8.709849351790234
32,0.034479337329767254,77.50734575783365,11.855276512193393
33,0.4299665780725078,77.93731233590616,6.118806337903888
34,0.8219394765387947,78.75925181244496,10.35925559907826
35,0.4589667036610693,79.21821851610603,10.582021040409902
36,0.9796310373467749,80.19784955345281,12.842309971160454
37,1.4980573231494088,81.69590687660222,7.102483443959025
38,0.9584602463864721,82.65436712298869,9.113383479346084
39,1.1927676588788703,83.84713478186755,13.693067897270899
40,0.26231270345917335,84.10944748532673,8.926746329202064
41,0.06582638317156243,84.1752738684983,10.1496442195829
42,0.34690848902158355,84.52218235751988,12.369916185298925
43,0.3953474623169838,84.91752981983686,11.593369234718427
44,0.012276122114397079,84.92980594195126,6.849478269471412
45,0.9229477056005853,85.85275364755185,5.000982930134276
46,0.3059000801702832,86.15865372772214,13.310917230683078
47,0.02341407171387492,86.18206779943601,6.151209641504554
48,0.08050798039845232,86.26257577983446,8.162515592780675
49,0.14988420736766908,86.41245998720213,6.950869981883773
50,0.6827298651030261,87.09518985230515,7.050989176011562
51,0.06262707281643091,87.15781692512158,11.246498182325649
52,0.7821218488016652,87.93993877392325,9.094878904153518
53,0.246107917644377,88.18604669156763,6.614978213960061
54,0.4986284687310562,88.68467516029868,7.081355677016318
55,0.919932655841161,89.60460781613985,9.295189696606883
56,0.26655211724644123,89.8711599333863,5.046251387377159
57,0.3419760455193924,90.21313597890568,12.100840798809482
58,1.7190456768963882,91.93218165580207,11.464611004873653
59,0.026361967172524182,91.95854362297459,11.789870848870358
60,0.7198475912182937,92.67839121419289,14.985195344618727
61,0.4435629156523554,93.12195412984524,10.215971882779238
62,2.6826824111110104,95.80463654095625,9.10438087521979
63,0.11659784401117403,95.92123438496742,9.040022176682141
64,0.4284772916264992,96.34971167659391,6.793986697110109
65,0.7192026147379639,97.06891429133188,8.379218965855264
66,2.866622620232731,99.93553691156461,12.392236258988168
67,0.9695975672129877,100.9051344787776,5.060536207148248
68,3.3821070867310716,104.28724156550867,12.65301886568109
69,0.031435853043729894,104.3186774185524,10.279979363527517
70,1.4663981638851296,105.78507558243753,14.05020679786819
71,0.7884004713297826,106.57347605376731,8.295007772600833
72,0.034671943698595796,106.6081479974659,13.36474175194946
73,0.5925708411706797,107.20071883863659,9.451558216629234
74,0.3069935658089373,107.50771240444553,6.584285469310417
75,0.10331219068514674,107.61102459513067,14.573999337138629
76,0.5619778029119407,108.17300239804261,14.852736991798423
77,0.06256770938151504,108.23557010742412,7.122850571636228
78,0.006168768132845193,108.24173887555698,7.559092634869021
79,0.3291669203076807,108.57090579586466,7.738778819967667
80,0.4335854590619628,109.00449125492662,6.694099741886747
81,0.5419157460200928,109.54640700094672,8.02581207623423
82,4.841802654513544,114.38820965546026,5.047873474212633
83,0.12583234351302636,114.51404199897328,12.20149394870796
84,1.9832023253298392,116.49724432430313,6.456195085035389
85,1.3977388559726651,117.89498318027579,6.593149542684257
86,0.06058151692546506,117.95556469720125,6.696982245990481
87,2.642543957791561,120.59810865499281,14.914410473512124
88,1.7242927509375539,122.32240140593036,9.59951730996068
89,0.3555198869879408,122.6779212929183,9.05198497780329
90,3.1959625690985325,125.87388386201683,14.967587488383998
91,2.3432010590294334,128.21708492104625,6.191047855342781
92,1.434477444328194,129.65156236537445,10.780094200990073
93,1.285278437388305,130.93684080276276,14.86399666309953
94,0.047411605010888036,130.98425240777365,12.213646503559794
95,0.3475605438822607,131.3318129516559,8.52586466579385
96,0.5685888541411833,131.9004018057971,5.9673163237344795
97,1.3089435878998459,133.20934539369694,14.155660126517306
98,0.37697238092093105,133.58631777461787,9.655281859565704
99,0.008514812799378324,133.59483258741724,5.824557142469409
100,0.6449877691490615,134.2398203565663,14.618464875000965
101,2.2405855425370262,136.48040589910332,10.69236913599211
102,0.33831165508231814,136.81871755418564,8.73304606021871
103,1.7828531215937973,138.60157067577944,8.939887035425269
104,0.21241768125750904,138.81398835703695,10.724857026859818
105,0.5361846948832518,139.3501730519202,10.463830411956874
106,1.2723289394204533,140.62250199134064,14.645279136397814
107,1.3734388763312526,141.9959408676719,9.116549596805045
108,2.13152219639409,144.12746306406598,8.323566713728674
109,0.4195795840270727,144.54704264809305,7.997295831399958
110,1.5513971694975195,146.09843981759056,12.367725153095448
111,1.1399018453370866,147.23834166292764,10.620554300781393
112,2.816373040031967,150.05471470295961,6.854332388877925
113,1.5458435203268046,151.6005582232864,5.314671821802291
114,0.6650687070620644,152.26562693034847,10.991672012933435
115,0.32848745913512134,152.5941143894836,11.355341219062684
116,1.4452322335187835,154.0393466230024,12.426010494342332
117,1.9090018978596965,155.94834852086208,7.587348855521332
118,1.379617149525216,157.3279656703873,13.145498030905058
119,0.9720649788300212,158.30003064921732,9.804951892124604
120,0.009871735040129273,158.30990238425744,6.915342375993541
121,0.20928029184409006,158.51918267610154,6.683739528106548
122,0.6867387870522729,159.2059214631538,8.333386066320916
123,2.127152812089149,161.33307427524295,14.913733320520278
124,0.20008599066383173,161.5331602659068,14.797907842353657
125,0.4926578598917857,162.02581812579857,11.346596951722105
126,0.5486637688031872,162.57448189460175,6.7272060079242735
127,2.5462220159250015,165.12070391052674,10.984860023183385
128,3.1261115508070647,168.2468154613338,9.92178168986545
129,0.023756760943603877,168.2705722222774,10.0343775946676
130,0.03735446024123447,168.30792668251863,14.884930558742827
131,2.2669561553758886,170.5748828378945,5.591824974377867
132,0.8372380949397272,171.41212093283423,6.788174977282154
133,0.40928596409838497,171.82140689693261,9.390602217245162
134,1.6934092678360821,173.5148161647687,6.68284510983276
135,0.644974299400237,174.15979046416894,8.01414992499529
136,3.0153262829875276,177.17511674715647,7.4783385697448646
137,0.06938182693235213,177.24449857408882,9.093101372103803
138,0.3576124894012908,177.60211106349013,14.883900567072592
139,0.4518630875867393,178.05397415107686,14.54910700170042
140,1.7374358979580644,179.7914100490349,10.19138233221431
141,1.6920979991241345,181.48350804815905,11.415919214936789
142,0.32695829488782496,181.81046634304687,7.472315088995658
143,2.9678542516560293,184.7783205947029,13.257978892188858
144,17.736079223108668,202.51439981781158,14.075528320544324
145,0.40131735382699896,202.9157171716386,10.148811327622555
146,15.195356644879672,218.11107381651826,5.4958930238725685
147,3.670183953488616,221.78125777000687,6.176940683352903
148,0.8081585992897191,222.5894163692966,14.402053771921942
149,10.970868657290158,233.56028502658677,10.76232250993587
150,0.6013993672675545,234.16168439385433,5.113781751754603
151,3.6270095627156507,237.78869395656997,7.173694733662593
152,1.6546754931011924,239.44336944967117,7.557966723370507
153,8.518861856291927,247.9622313059631,14.310800471496192
