1,2.989327194171226,2.989327194171226,12.175902315821752
2,13.860203064347727,16.849530258518953,10.173920116529024
3,1.0756362933648458,17.925166551883798,12.229675237995158
4,0.6075824220064172,18.532748973890214,5.840894763450684
5,2.8096343874102203,21.342383361300435,10.399733912202432
6,5.229210305810978,26.57159366711141,9.60720888012099
7,0.5937670258681572,27.16536069297957,9.501113239803797
8,6.623626409877809,33.78898710285738,9.278462431605732
9,21.121188708278027,54.9101758111354,11.598252193800827
10,18.326248883207786,73.23642469434319,10.36754066206865
11,1.780546353017244,75.01697104736043,13.578697481451126
12,0.8202157125528907,75.83718675991332,11.591062882711123
13,1.2790949629753179,77.11628172288864,10.976817054608992
14,0.052147190625058154,77.16842891351371,12.7195588447219
15,0.6328568061646858,77.80128571967839,9.181903086847793
16,0.09727606938590697,77.8985617890643,13.43494659375999
17,0.17911439305521093,78.07767618211952,10.762559375196451
18,0.7788490911294178,78.85652527324893,14.355374884476962
19,2.2286044335505086,81.08512970679945,12.750402463990666
20,0.396243453435548,81.481373160235,7.1497950930567535
21,2.3792211342104235,83.86059429444542,11.048339611562218
22,0.13692219715912482,83.99751649160454,10.078973009762546
23,2.17619179718437,86.17370828878892,9.617675062303643
24,0.6503417320585763,86.8240500208475,12.99293444810593
25,0.16404765861020337,86.9880976794577,7.028457896402501
26,0.9098720782981002,87.89796975775579,11.255131859684507
27,1.1076463546625217,89.00561611241831,14.95239815259329
28,0.9851902400142948,89.9908063524326,9.68123560479638
29,0.6337046551170479,90.62451100754964,11.253847599791303
30,2.4922346901929244,93.11674569774257,11.05898797319638
31,0.9450572192238291,94.0618029169664,14.334754671370202
32,0.21793305406844027,94.27973597103484,14.307004043734747
33,1.0648285324491016,95.34456450348394,10.732480321321148
34,0.8667848391758125,96.21134934265974,14.741662487604897
35,0.6429483313101403,96.85429767396988,5.614101968554728
36,1.423259213558861,98.27755688752875,14.647492400563603
37,2.7978460878161058,101.07540297534486,8.353681548940681
38,0.07226301907450942,101.14766599441937,5.075450412821309
39,0.5340366745181205,101.68170266893749,8.643555672140728
40,0.4733883022542123,102.1550909711917,13.96018473308276
41,1.3729007266804198,103.52799169787211,11.196969089961044
42,0.30738157540938127,103.83537327328149,5.6909489816324355
43,1.4979814801166953,105.33335475339818,11.666153009574009
44,0.3621543923736077,105.6955091457718,7.944186821795059
45,0.4577205028058263,106.15322964857762,13.455906313646476
46,0.15421697112512545,106.30744661970274,7.84663268213704
47,1.3924751345033812,107.69992175420613,11.491130546531732
48,0.5972741519097685,108.2971959061159,8.162772671405154
49,0.32858358761328804,108.6257794937292,10.284211829807631
50,2.4315172543433543,111.05729674807255,9.415872301743972
51,1.505500542797489,112.56279729087004,13.802650754686638
52,2.2639235990666338,114.82672088993667,11.762468016214825
53,0.3805713866061847,115.20729227654284,8.726577337872735
54,1.42413178355886,116.63142406010171,10.7966895199073
55,0.17393498378503644,116.80535904388674,9.598567287543371
56,0.9164537979653764,117.72181284185211,13.497165782121897
57,1.6907046372204801,119.41251747907259,5.212596791132537
58,0.4256533592133595,119.83817083828595,9.243857522146287
59,2.2270094743948463,122.0651803126808,12.067679087193875
60,0.4522894006622079,122.517469713343,12.355797054453308
61,2.599980822209656,125.11745053555266,9.596913594086292
62,0.5925007950855976,125.70995133063826,5.931267065308634
63,0.3880998719866142,126.09805120262487,14.282331812865198
64,0.30081976678740496,126.39887096941227,13.3453449072506
65,0.13828208363980773,126.53715305305208,5.480693769591305
66,0.11325569503219085,126.65040874808427,11.482707228549287
67,1.0672425207926404,127.71765126887692,5.457865666036692
68,0.4915337252746848,128.2091849941516,12.460584761780876
69,0.18617391330705516,128.39535890745864,14.41616632961383
70,0.22114489746142688,128.61650380492006,14.410773522810292
71,0.7619290151083691,129.37843282002842,10.142253154585209
72,0.23864643289076906,129.61707925291918,14.093604183871868
73,0.1594827551613295,129.7765620080805,14.567306027928943
74,0.40776866272829776,130.1843306708088,12.069804607260334
75,2.375707578241224,132.56003824905002,7.594711113222994
76,0.03199063447316875,132.5920288835232,11.134528411607594
77,1.6941561631051207,134.28618504662833,6.670549028586073
78,1.0232802516529216,135.30946529828125,8.818062779388343
79,2.0372281855068404,137.3466934837881,6.330135452990644
80,1.1229527457896937,138.4696462295778,8.758712605912226
81,0.6644460962048689,139.13409232578266,13.302424576406619
82,0.2842430428153922,139.41833536859806,7.553373587865384
83,0.9733231058645927,140.39165847446264,5.660149693098964
84,0.05675331141575284,140.4484117858784,6.867259456676563
85,0.7637923418432421,141.21220412772163,9.650567786726548
86,2.861724080056462,144.0739282077781,14.146519361447595
87,2.310673538346317,146.38460174612442,13.815928176602542
88,0.7256054513637246,147.11020719748814,12.210982671011362
89,0.2939757676715951,147.40418296515972,7.878023711352959
90,0.1919323175611323,147.59611528272086,10.950890373229507
91,0.8053520913324584,148.4014673740533,5.697434986202402
92,0.6836731315259892,149.0851405055793,12.038837887714523
93,0.4817099174849597,149.56685042306424,5.441631467534144
94,0.5990095065766916,150.16585992964093,7.993969661350059
95,0.026494066544055353,150.19235399618498,9.874510823771878
96,1.0472778054628917,151.23963180164787,11.59952034428106
97,0.15320375283186902,151.39283555447975,5.6805635795155816
98,2.454488128871003,153.84732368335074,13.525840401402782
99,0.49292215319482596,154.34024583654556,14.54205290265406
100,1.7431985307204523,156.08344436726603,10.24189898743424
101,0.3688227139389735,156.452267081205,11.6053693809817
102,0.3123733068566163,156.76464038806162,14.62061515408786
103,0.8840719220234111,157.64871231008505,14.662290064174009
104,0.7198190439773262,158.36853135406238,10.66975986948727
105,1.4838897775976883,159.85242113166007,11.74913416026898
106,4.194981608222163,164.04740273988222,12.418178534011222
107,3.112253902441985,167.1596566423242,13.86696574316754
108,0.9883912750923524,168.14804791741653,12.556125486014018
109,0.6876556687542211,168.83570358617075,5.320737597032012
110,0.2133506543676939,169.04905424053845,13.856959620856394
111,0.6818805290489431,169.7309347695874,9.095520080648779
112,1.1267829396406892,170.8577177092281,11.607070347436032
113,0.814448952623529,171.67216666185163,12.570055398312617
114,0.35190740996642367,172.02407407181806,8.850809422652851
115,1.363658471786493,173.38773254360456,11.19288598137326
116,0.35706274615301054,173.74479528975758,5.218936316369822
117,1.2892648395029858,175.03406012926055,11.182062420876452
118,1.291387640238432,176.325447769499,11.410823410338008
119,1.2177396977906032,177.54318746728958,9.54538866460536
120,1.9969434876665721,179.54013095495617,7.724458633393047
121,0.4695052215556385,180.0096361765118,13.849620392199126
122,8.98382311978662,188.99345929629843,10.377949751311878
123,23.689837579854416,212.68329687615284,11.33885129857365
124,14.544518056090778,227.2278149322436,12.674301585512511
125,9.407214539193484,236.6350294714371,10.605156399481231
126,4.7506092379612195,241.3856387093983,12.94192995727105
