1,6.798642152722661,6.798642152722661,7.877237469677976
2,6.307594420743019,13.10623657346568,13.365161127828491
3,0.6751968219489034,13.781433395414583,13.853418599115923
4,6.75774457879616,20.539177974210745,5.2679957745692825
5,21.206396678254027,41.74557465246477,12.202456824493414
6,16.470366460103357,58.215941112568125,14.262607182597407
7,1.2403024561407416,59.456243568708864,5.146952051575782
8,0.328514150762017,59.78475771947088,9.371351179682039
9,6.350260262192159,66.13501798166304,12.800273620777691
10,1.7579371788352063,67.89295516049825,8.797764485140664
11,0.7899908044913677,68.68294596498961,12.295297492832265
12,1.9950112330862246,70.67795719807584,14.989791633878925
13,0.6064317772291612,71.284388975305,8.490025697154344
14,1.7834064884984442,73.06779546380345,14.83473818282711
15,1.3086914344255487,74.376486898229,7.0266546658202245
16,0.1083273386069484,74.48481423683596,5.847268717955948
17,2.1717943638189667,76.65660860065492,5.797350812586978
18,0.5978325522848564,77.25444115293978,11.450737953295604
19,1.6266905932747615,78.88113174621454,8.303180294833492
20,0.6731356233894981,79.55426736960403,9.296317089280379
21,0.3537488591924639,79.9080162287965,11.388210182528935
22,0.39529533123869137,80.30331156003518,10.127008284554723
23,1.0106121401681194,81.3139237002033,11.13357454417773
24,1.0119861108209958,82.3259098110243,5.049437698857091
25,1.0499261331099086,83.37583594413421,7.514193202707568
26,1.0614880370560367,84.43732398119025,13.141035555593172
27,1.110223157778666,85.54754713896891,13.833200800221768
28,1.8632003635648675,87.41074750253378,13.209738652642887
29,0.08176712399275193,87.49251462652653,10.361626283400778
30,0.5111987339653618,88.00371336049189,11.24335844995447
31,0.34649197018596606,88.35020533067785,13.791615626057322
32,1.73058258422298,90.08078791490084,8.437399568172303
33,0.7452033984322982,90.82599131333313,6.929295709609063
34,0.2563148039329407,91.08230611726607,10.243993813097081
35,1.536954723171358,92.61926084043743,7.167955499805077
36,1.1044515007911835,93.72371234122862,12.527138891843766
37,0.9460574634745278,94.66976980470315,7.880387732119259
38,0.11563337612060548,94.78540318082375,10.903826855275987
39,2.7440509126445956,97.52945409346835,6.540524940637155
40,3.2025074911492855,100.73196158461764,10.599965746820555
41,0.5912374234094132,101.32319900802705,12.98596760035878
42,0.8119802323745008,102.13517924040154,11.195899187329303
43,0.15582016324680517,102.29099940364834,12.845854876407177
44,2.0181906626928314,104.30919006634117,11.314871783982062
45,0.011514304011286561,104.32070437035246,10.417636619839378
46,0.37903069314883076,104.6997350635013,6.746516448638694
47,0.8139776663011904,105.51371272980248,14.560014130504989
48,5.818639891956361,111.33235262175884,10.43121955125649
49,0.07427091147441384,111.40662353323326,14.696912125037644
50,0.17020334639038032,111.57682687962364,7.10431076813661
51,3.2181586958260473,114.79498557544969,9.514488964711568
52,0.3151345618364948,115.11012013728619,14.289544891206996
53,0.6096210514143187,115.71974118870051,10.857175426643877
54,0.1841652881836058,115.90390647688412,5.057259988339576
55,1.0208457405671296,116.92475221745124,13.415137484749568
56,2.907362863684515,119.83211508113575,7.696334315330362
57,2.2332910166467435,122.0654060977825,11.515856616480145
58,0.1240680073451236,122.18947410512763,7.600366315313609
59,5.046753951003762,127.2362280561314,5.027364096095023
60,0.04890185214257081,127.28512990827397,9.689629682016477
61,0.4456870505560957,127.73081695883008,10.352243902375333
62,0.20622352089984805,127.93704047972993,13.072639443262307
63,3.183697518185454,131.1207379979154,9.418262486471406
64,1.231368834648151,132.35210683256355,12.071635438599976
65,0.4840950845071503,132.8362019170707,8.774987711596205
66,0.7623586985395926,133.5985606156103,8.698085710994242
67,0.9074834031221195,134.5060440187324,9.085694886003477
68,0.9489488910745344,135.45499290980695,14.12631093379707
69,0.1858953951953515,135.6408883050023,13.754703364373858
70,0.6159441550637462,136.25683246006605,11.096251262488877
71,0.03157714478375744,136.28840960484982,5.602945009561486
72,0.967170788423305,137.25558039327314,5.090850419005425
73,0.19350004145236344,137.4490804347255,7.258209973902435
74,0.48026837736003336,137.92934881208552,7.948243779705374
75,0.7609844039135354,138.69033321599906,12.047730507626403
76,0.016905164767189913,138.70723838076626,8.433950949993356
77,0.02653513602253342,138.7337735167888,14.05034285094889
78,0.5914489375386935,139.3252224543275,7.478060157749567
79,1.1309327461065046,140.456155200434,10.572633477546258
80,0.42776369645644435,140.88391889689046,6.469032271990506
81,1.0164286810352827,141.90034757792574,7.106857586646004
82,1.9717322849057581,143.8720798628315,6.80090030567917
83,0.5221254149103294,144.39420527774183,9.80624092947419
84,6.257564681251389,150.6517699589932,11.520827338855046
85,1.8027871972495244,152.45455715624274,11.954032842739519
86,1.4040558811340509,153.85861303737678,5.154087552774159
87,1.6041070234315766,155.46272006080835,11.53921478760681
88,1.7836847612333848,157.24640482204174,11.411022753441948
89,0.13753793871493733,157.38394276075667,10.838708259840732
90,0.21620312927115803,157.60014589002782,5.223822183496024
91,2.6549028573947946,160.25504874742262,9.86561996902088
92,2.3920829105034795,162.6471316579261,12.869043426927808
93,0.5521874849817867,163.1993191429079,10.074056069323614
94,0.7936146404254462,163.99293378333337,12.57164506383862
95,2.0935179027942317,166.0864516861276,8.89801895650767
96,0.12787808084333524,166.21432976697093,13.018858672542098
97,0.16637274752133355,166.38070251449227,6.2432217535065
98,1.305864327706487,167.68656684219874,11.17436915720564
99,0.34145027837345915,168.0280171205722,9.194174983121277
100,0.2784210795503992,168.3064382001226,11.434648410782335
101,0.3644437897972047,168.67088198991982,11.161392669905622
102,0.2785505460710447,168.94943253599087,5.4794045122612465
103,0.8780194413356683,169.82745197732655,10.931142784608952
104,0.012871823047302954,169.84032380037385,5.920280336582636
105,0.11294338288908802,169.95326718326294,12.832281546225172
106,1.2428336247153304,171.19610080797827,9.786773991692627
107,3.172585107839261,174.36868591581754,11.849210001073498
108,0.6521326372460674,175.0208185530636,14.977651860833209
109,1.7917676934886086,176.8125862465522,10.153181193621242
110,0.6690563191684527,177.48164256572065,11.13601070046071
111,1.8422369549860516,179.3238795207067,11.932159846244438
112,1.1210869240650068,180.4449664447717,11.734447718625251
113,1.830795026966843,182.27576147173855,13.234258709734764
114,14.350750629850811,196.62651210158936,12.508194215407084
115,3.4990600608278495,200.1255721624172,5.942630482591339
116,9.236568982422495,209.36214114483968,8.443596970597396
117,26.164572459661134,235.52671360450083,7.491173969190687
118,5.45720238081373,240.98391598531455,14.764249030036556
