1,0.702102735034986,0.702102735034986,12.25392015800997
2,8.978274899835776,9.680377634870762,11.231806349705822
3,19.28868248383336,28.96906011870412,11.159185960854678
4,1.8261908656255939,30.795250984329716,9.939614509971799
5,2.1516293507277857,32.9468803350575,5.716961173606583
6,16.069655823621353,49.01653615867885,13.340348480680156
7,5.7714066535311135,54.78794281220997,8.653361959090724
8,7.339657321208976,62.127600133418944,14.430075146851845
9,0.10705015286461304,62.23465028628356,12.899377383132164
10,0.1837577990051653,62.418408085288725,12.61173140840852
11,1.932916875598238,64.35132496088696,7.162305324734492
12,0.2800815144592808,64.63140647534624,5.692963247472395
13,0.7850306127852729,65.41643708813152,6.823413833593853
14,1.4517616336442065,66.86819872177573,8.509858735517053
15,0.4993897887875832,67.36758851056331,8.818799369927852
16,0.15528826593459472,67.52287677649791,10.05528012569165
17,0.12043336670491427,67.64331014320283,12.067357090164899
18,0.9177963763591732,68.561106519562,6.081526746103707
19,1.3841056903273412,69.94521220988935,7.90163330136287
20,0.36035100748530347,70.30556321737465,14.49677030195809
21,0.22965534333463503,70.5352185607093,9.427907681993116
22,1.6553959842621244,72.19061454497142,10.86786078282842
23,1.60797915709847,73.7985937020699,14.776058370204284
24,0.06026235531500893,73.8588560573849,13.274552819851666
25,0.8820286458496407,74.74088470323454,10.165566498299746
26,1.138351659900902,75.87923636313545,14.802786743452101
27,0.8669083693015028,76.74614473243695,14.115717857419549
28,0.20696647988503303,76.95311121232199,12.836744847045384
29,2.144315460424318,79.09742667274631,9.499752107155501
30,0.9608623043382526,80.05828897708456,6.839293856462022
31,0.03645316333464003,80.0947421404192,12.44295486228642
32,0.30016750513563245,80.39490964555483,6.979382199002275
33,1.6228186722302234,82.01772831778506,14.010744604484877
34,1.1826813050341,83.20040962281915,6.9260139990953835
35,5.775601759581358,88.97601138240051,10.77857997854097
36,0.7829739953948407,89.75898537779536,7.808354375398455
37,0.09510410859431707,89.85408948638967,12.16411006714138
38,1.3712261451602115,91.22531563154988,6.5180719144664065
39,0.017244924536459573,91.24256055608633,9.992265009710284
40,0.6321974746151311,91.87475803070146,7.819034255922471
41,0.245055339283314,92.11981336998477,5.771899526349891
42,0.6471438214502371,92.76695719143501,8.774073428947819
43,0.04659286874136155,92.81355006017637,7.655017258152316
44,0.23153571140355056,93.04508577157992,6.071827763121561
45,0.5968196151379243,93.64190538671784,11.474011048962957
46,0.28068556962105884,93.9225909563389,7.767314780617484
47,2.1696496069248505,96.09224056326374,7.262199376294136
48,0.3490756455960258,96.44131620885977,7.20753993358114
49,1.908992539609937,98.35030874846971,8.33497700521404
50,0.945329489873948,99.29563823834366,7.7062941067506525
51,0.9863117432667651,100.28194998161042,12.84749246097766
52,2.100140759016431,102.38209074062685,5.343375363932072
53,2.653200901300319,105.03529164192717,11.756633720355955
54,0.5659676822614254,105.6012593241886,5.533036379547433
55,0.8857335834074662,106.48699290759608,11.557497108364602
56,0.10477268908492594,106.591765596681,9.821301424295832
57,1.1403461561694785,107.73211175285049,11.829592634181672
58,1.2185555631952032,108.9506673160457,12.697657624541552
59,0.21581087474303925,109.16647819078874,5.3852400838354715
60,0.195412093806521,109.36189028459526,13.256442176841347
61,2.797206011045677,112.15909629564094,11.374536640133375
62,1.49053277285577,113.64962906849671,7.559460168520605
63,1.895952420670857,115.54558148916756,10.717249622809177
64,0.4280481862193374,115.9736296753869,5.055451882521833
65,0.9626580310702475,116.93628770645715,13.250316055221516
66,0.19805420342434824,117.1343419098815,12.65499110448584
67,0.6157339648053191,117.75007587468681,7.641599651656151
68,0.12409729500266166,117.87417316968947,6.381990356515422
69,0.9603160001824708,118.83448916987194,8.587166333037334
70,1.0520589370002704,119.88654810687221,5.727132707002276
71,0.10581891727961953,119.99236702415183,7.1709117853112625
72,1.3319632075366623,121.32433023168849,5.678394401289002
73,0.29914090151225875,121.62347113320075,6.242309670488404
74,0.727844463731069,122.35131559693183,11.161701763680863
75,1.0056381299707313,123.35695372690256,12.750467636353214
76,1.0609458605003184,124.41789958740287,14.908371025976061
77,1.9482983639601468,126.36619795136302,8.17425214054007
78,1.116873973811085,127.4830719251741,13.211624392957846
79,0.2763357448022328,127.75940766997634,6.494796110195536
80,1.2521336328064843,129.01154130278283,6.65792803281891
81,0.633049585686056,129.64459088846888,13.42951222722164
82,0.6479396319880814,130.29253052045698,11.92219690475482
83,0.16968568311557097,130.46221620357255,12.750590225620861
84,1.2127758850107604,131.6749920885833,13.613008637428443
85,0.03507742081906111,131.71006950940236,9.12786606328792
86,0.1532486438963567,131.8633181532987,5.041702628011816
87,1.2373718319872864,133.10068998528598,13.653011722608477
88,0.28923921202664377,133.38992919731263,6.198147213300299
89,1.1081898774234478,134.49811907473608,14.580211137935466
90,0.11907160706121803,134.6171906817973,13.429848587906601
91,2.094250978122699,136.71144165991998,9.776724140686909
92,1.2919601414190638,138.00340180133904,7.97853185708644
93,0.979947100553504,138.98334890189255,5.816368418372657
94,0.31454242762724893,139.2978913295198,10.152174297331896
95,0.06933773239100492,139.36722906191082,5.774874745315088
96,0.49108161804691336,139.85831067995773,12.63098222547325
97,0.9293269033373206,140.78763758329504,7.775170531835299
98,0.15725835499205995,140.9448959382871,7.770450882686269
99,0.039581253695794065,140.98447719198288,13.301368533247695
100,0.2962711321446257,141.2807483241275,12.729439022689572
101,1.1825739184461832,142.4633222425737,5.24503542215481
102,1.2342389759211798,143.69756121849488,14.380607101004038
103,1.584323577091665,145.28188479558654,5.108561823064347
104,1.1745442671467852,146.45642906273332,6.9982727175462625
105,1.8995617524631492,148.35599081519646,9.77041466497802
106,1.5070719774744126,149.8630627926709,5.480971732970563
107,1.1693875469821224,151.03245033965302,6.728214149383925
108,0.21745778383893555,151.24990812349196,13.134103834962039
109,0.37373936170457256,151.62364748519653,5.875510775266791
110,1.8758673423627328,153.49951482755927,6.217314133265287
111,0.2665916425463062,153.76610647010557,10.014949592312327
112,0.7820787287357749,154.54818519884134,14.959173877347311
113,4.503854343410981,159.05203954225232,14.49739246929789
114,0.7024140626923293,159.75445360494464,6.100055369710107
115,0.28693539840223997,160.0413890033469,12.352646524788941
116,0.23861288378903375,160.28000188713594,10.935380546969586
117,2.2399074062479363,162.51990929338388,10.459495089694428
118,1.3074481521595949,163.82735744554347,12.691496806910054
119,0.8059424148056126,164.63329986034907,13.388661397535351
120,0.8732071853595179,165.5065070457086,13.366791913557002
121,0.20301311123046,165.70952015693905,6.0931098685504885
122,1.4354823045579437,167.145002461497,8.253304203639168
123,0.2472758709996264,167.39227833249663,8.814110060141793
124,1.5240728725553303,168.91635120505197,8.468497761373355
125,0.15188461828430488,169.06823582333627,6.17884153048397
126,0.877732458601311,169.94596828193758,14.803306600395832
127,0.07925642395154317,170.02522470588912,10.264119167872856
128,1.4847711513155346,171.50999585720464,8.838909095931307
129,0.33898692204166014,171.8489827792463,14.879237324516637
130,0.6227580357053942,172.47174081495172,8.616574800232353
131,0.14969869726803195,172.62143951221975,9.560614317513195
132,0.5699826202402057,173.19142213245996,14.549544026954573
133,1.7197737131643063,174.91119584562426,6.258214353423172
134,1.225729058617606,176.13692490424188,5.8691152298148115
135,0.11856839923685018,176.25549330347874,14.07460974205359
136,2.0193735558460317,178.2748668593248,10.739145219681323
137,0.16937425514442372,178.4442411144692,10.941239973298138
138,2.127812158508095,180.5720532729773,7.589882835975051
139,1.1617888848143598,181.73384215779168,10.230905873653892
140,6.936101393606507,188.6699435513982,5.007162813314362
141,7.504593040084528,196.17453659148273,13.574262700567523
142,1.9290420398554777,198.10357863133822,10.708224771029231
143,9.75379680740711,207.85737543874532,9.665954817620843
144,5.9265333794396815,213.783908818185,9.855054403043065
145,4.3355014594062276,218.11941027759124,8.929945254738458
146,4.002455419975936,222.1218656975672,11.047568067643219
147,4.004087755717112,226.1259534532843,9.004165370179873
148,2.5535879580093597,228.67954141129366,9.977185229683556
149,8.728284245273624,237.40782565656727,9.173234014909125
150,0.5461112265909996,237.95393688315826,7.184402021580901
151,0.926257354509388,238.88019423766764,9.296800159521432
152,3.7212986123475456,242.60149285001518,13.963487386467671
