1,0.0,0.0,5.530190266626769
2,0.0,0.0,3.3791575148450104
3,0.0,0.0,6.2312266197458
4,0.0,0.0,5.463564540699517
5,0.0,0.0,4.371968419217696
6,0.0,0.0,4.869894091836725
7,0.0,0.0,4.698657227402482
8,0.0,0.0,3.4242388012645604
9,0.0,0.0,4.615077501811044
10,0.0,0.0,4.291464493718447
11,0.0,0.0,5.941615824261573
12,0.0,0.0,3.154661904344415
13,0.0,0.0,4.885206157536861
14,0.0,0.0,5.7486373886702875
15,0.0,0.0,3.1837088612755498
16,0.0,0.0,5.101171579096698
17,0.0,0.0,6.589916213530483
18,0.0,0.0,3.954031105530501
19,0.0,0.0,6.718131808698493
20,0.0,0.0,6.086590279439916
21,0.0,0.0,4.933501891453623
22,0.0,0.0,5.698904580525981
23,0.0,0.0,5.311329346370219
24,0.0,0.0,6.1719618482344165
25,0.0,0.0,5.94977352304365
26,0.0,0.0,5.349963458467686
27,0.0,0.0,5.547368928152354
28,0.0,0.0,3.1734424870309694
29,0.0,0.0,3.464658191452577
30,0.0,0.0,5.057276200895347
31,0.0,0.0,6.876325468205033
32,0.0,0.0,4.9837437265929925
33,0.0,0.0,5.869448830290477
34,0.0,0.0,4.38308449810156
35,0.0,0.0,4.742742562878554
36,0.0,0.0,3.5127880764429835
37,0.0,0.0,6.314267755500476
38,0.0,0.0,3.1016858325752508
39,0.43417225209653326,0.43417225209653326,3.3772475441548098
40,0.23560669772036644,0.6697789498168997,4.291528342813337
41,0.4636936618898113,1.1334726117067109,5.206637199638504
42,1.8809156161789593,3.01438822788567,5.08495175831073
43,0.03943875628461983,3.05382698417029,6.413269212434564
44,0.04442951843043812,3.0982565026007283,3.961590669973589
45,0.7668117911105038,3.865068293711232,6.834774067388203
46,0.12717123090756136,3.9922395246187934,6.523180414578498
47,0.19597969786521297,4.1882192224840065,5.299941010862645
48,0.24921426999030452,4.437433492474311,5.644484858613977
49,0.006267568502758926,4.4437010609770695,5.4534138374202685
50,0.26047614732599217,4.7041772083030615,5.545609148565467
51,0.6993580624978976,5.403535270800959,4.001266813857253
52,0.08495870365778276,5.488493974458742,4.607362725385899
53,0.05573736962944049,5.544231344088183,4.526597282324496
54,0.23294701335904228,5.777178357447225,4.8225198137255685
55,0.025230524582443542,5.802408882029669,5.377843337164287
56,0.3465757791944619,6.14898466122413,5.6814044246729845
57,0.07812268923034457,6.2271073504544745,3.73575225968478
58,1.2163985126700385,7.443505863124513,6.334334114063502
59,0.46633714086186023,7.909843003986373,4.2734371022371445
60,1.4131778778493744,9.323020881835747,6.578807394004649
61,0.3506946667499858,9.673715548585733,3.8248741851538997
62,0.29709416027556923,9.970809708861303,3.336075170063293
63,0.022008172089091012,9.992817880950394,6.263240185716631
64,0.47514229124619706,10.467960172196591,6.094364342932284
65,0.08618479560782465,10.554144967804415,4.942572689717768
66,0.7523719891709236,11.306516956975338,3.704374221863434
67,0.554023847554117,11.860540804529455,3.613186559037969
68,1.0724227535627684,12.932963558092224,3.89878865124229
69,0.28376474678778196,13.216728304880005,5.02114199346275
70,0.01997965071015938,13.236707955590164,5.735791543493445
71,0.39349017204019965,13.630198127630363,4.02113858590887
72,0.534358931482882,14.164557059113246,3.5487781115820667
73,0.10542898956511332,14.26998604867836,5.124042236229149
74,2.7850966649110975,17.055082713589456,5.712555572167806
75,0.6338310106709172,17.688913724260374,4.792556944874172
76,0.1768144917139559,17.86572821597433,5.851458459558583
77,0.1622338650741996,18.02796208104853,3.474112150019001
78,0.6042753370527976,18.632237418101326,6.8323446576206806
79,0.33474833316386,18.966985751265184,5.7948314834853285
80,0.9488322659193368,19.91581801718452,5.398147509344877
81,0.33647515686804985,20.25229317405257,3.164915442617613
82,0.7007957904248826,20.953088964477455,6.689120969216932
83,0.9123265484235757,21.86541551290103,6.006212311653927
84,0.2593662515999972,22.124781764501027,5.678941920608319
85,0.9617673078091452,23.08654907231017,4.483522699922007
86,0.2384623079159794,23.32501138022615,5.171949094513209
87,0.7707490461430648,24.095760426369218,3.172999581605977
88,0.11559180778204042,24.211352234151256,5.9780526440930615
89,2.015345042482504,26.22669727663376,4.425369981291029
90,1.6061880440705376,27.8328853207043,4.642648784768586
91,0.4816679895904591,28.31455331029476,3.9203275470376457
92,0.17241264265352638,28.486965952948285,3.3821863095821842
93,0.7904005419660886,29.277366494914375,4.1962120440012995
94,0.06099346486230124,29.338359959776675,5.672160001157083
95,0.6719682696352212,30.010328229411897,4.054837581546693
96,0.4701272946597391,30.480455524071637,3.073362765540459
97,0.6711829141989959,31.151638438270634,5.74919130940069
98,0.1690202264796456,31.32065866475028,5.968095228871925
99,0.6097323241080291,31.93039098885831,4.647537694207426
100,0.13561926082073245,32.066010249679046,5.26758304848553
101,0.10636622909812982,32.172376478777174,4.061636721673976
102,0.40924315236042713,32.5816196311376,6.695024669631923
103,1.5884738766685453,34.17009350780614,6.766224397874165
104,0.0375039114060999,34.20759741921224,5.414560064593397
105,0.9593694262292551,35.16696684544149,6.6525202892443485
106,0.6694902295940328,35.836457075035526,5.72435386897364
107,0.12105495444747899,35.957512029483006,4.745044534759965
108,0.19284648444867036,36.15035851393168,3.5665369188946046
109,0.15538820664436095,36.30574672057604,5.066568151540489
110,0.685011620268762,36.9907583408448,6.2210870708545745
111,0.29936048814921007,37.29011882899401,6.570596176318618
112,0.5543292562390334,37.84444808523305,6.456796422958186
113,0.2792356543421405,38.123683739575185,5.803995297387253
114,3.41018942282513,41.53387316240031,3.9961328930699596
115,2.38089812641011,43.91477128881042,6.451698290894472
116,0.2999645393857088,44.21473582819613,6.391468829513006
117,1.5927398794187448,45.80747570761488,4.583671809760406
118,0.3913669643514488,46.198842671966325,5.264330017205465
119,0.1382615760874152,46.33710424805374,6.54226589736129
120,0.14485205812200305,46.481956306175746,3.7501685685642037
121,0.7424551353405126,47.22441144151626,4.128885774475206
122,0.35313423273543126,47.57754567425169,5.139741808096643
123,0.44066342634151867,48.018209100593204,5.113751523476724
124,0.14914132635926475,48.16735042695247,5.016508883219405
125,1.188626312279576,49.35597673923204,3.703542537405006
126,0.1263357402850404,49.482312479517084,3.0369142761581642
127,0.2135199730557918,49.69583245257287,6.142595516058096
128,0.17155317772758874,49.86738563030046,3.696396354776391
129,0.017434033727373014,49.88481966402784,6.206818767048837
130,0.5906159459883601,50.4754356100162,6.621526164369363
131,0.0735240367755099,50.54895964679171,3.793954848256759
132,0.366540614785063,50.915500261576774,5.565688484288724
133,0.42522195321924866,51.340722214796024,5.490623553445712
134,0.21502916862349858,51.55575138341952,4.489025936341605
135,0.7154144640326562,52.271165847452174,3.6588861081285353
136,0.9649149429883729,53.236080790440546,4.688333395427408
137,0.15079139738083064,53.386872187821375,4.3366241820739955
138,0.12691020439211434,53.513782392213486,4.120535674779557
139,0.3604434359023398,53.874225828115826,3.166056017499788
140,0.7037115063817875,54.57793733449761,5.0961088268354136
141,0.509746722408726,55.08768405690634,4.247280941826471
142,0.03455941867545225,55.12224347558179,3.0249462589570797
143,0.3270459698165479,55.449289445398335,5.186739393474189
144,0.42539214413190324,55.87468158953024,5.182943911721768
145,1.6090982093648194,57.48377979889506,5.564665234249478
146,0.983660704666016,58.46744050356107,3.9503313152515696
147,0.49263033715467464,58.960070840715744,6.0599397816244815
148,1.9001647016451308,60.860235542360876,3.8859956685651875
149,0.9061311501202782,61.76636669248116,3.5872271203813675
150,2.9003274836372066,64.66669417611837,3.235819943777562
151,5.702280698031727,70.3689748741501,6.448670920794617
152,3.8518926458374714,74.22086751998756,4.647445379799941
153,1.0890831011682949,75.30995062115586,3.2642319992721265
154,1.7720356375150965,77.08198625867097,4.45879522027635
155,3.945000433090326,81.0269866917613,6.174179469508698
156,18.185180823115527,99.21216751487682,5.259159603346605
157,0.06636374097932234,99.27853125585615,4.987564622215647
158,4.757910864193711,104.03644212004986,6.805747986732239
159,0.004559558263230125,104.04100167831308,4.67220699218845
160,12.65676230680507,116.69776398511814,4.198026463839689
161,3.222749071502088,119.92051305662024,6.143727002705745
162,1.6056469755216705,121.5261600321419,5.261176906875699
163,4.357997538587161,125.88415757072906,6.093263252800803
164,4.138265677527241,130.0224232482563,5.32261043870696
165,12.819031134000742,142.84145438225704,3.6907220103202065
166,3.4086637045360835,146.25011808679312,4.92291365190643
167,0.3754711593574867,146.6255892461506,5.053046144602632
168,7.315200208531629,153.94078945468223,3.289364953255184
169,5.3294068067231475,159.27019626140537,3.8133243615593098
170,10.191891301955396,169.46208756336077,4.596380827990362
171,7.554984979610836,177.01707254297162,5.510517681339911
172,1.1873267493364101,178.20439929230804,6.1892175349261525
173,4.376764257721267,182.58116355002932,3.977165980073859
174,1.2661676675228501,183.84733121755215,4.2004991929741635
175,18.013894328891478,201.86122554644362,6.467172486919001
176,1.128922501502141,202.99014804794575,4.5674640532624515
177,4.360537154631022,207.35068520257678,5.819586627127927
178,8.529000804904708,215.8796860074815,4.005419282007418
179,0.98309693840715,216.86278294588865,5.0316039521794895
180,7.660456359841947,224.5232393057306,4.140769265771532
181,1.1660836956927954,225.68932300142342,3.448730127137888
182,10.55380057379959,236.243123575223,4.595763052363436
183,16.709123244097373,252.95224681932038,4.879955020761365
