1,0.19775484191466838,0.19775484191466838,11.201928924365049
2,1.4681027836782747,1.6658576255929431,6.611097675093685
3,0.8697455822426263,2.5356032078355693,13.771853205154974
4,3.154592676596434,5.690195884432003,12.619187605376759
5,4.05007772848378,9.740273612915782,14.481741425621996
6,14.639854828396752,24.380128441312536,12.606474371040193
7,9.348890591235602,33.72901903254814,7.739925926115
8,0.3103268429756539,34.03934587552379,11.592668986745526
9,3.6237368190362087,37.66308269456,6.651869390194238
10,2.832689272612627,40.49577196717263,5.04609548339396
11,7.786172091934702,48.28194405910733,7.0889798099118275
12,3.1331291029716173,51.41507316207895,8.100440080889047
13,5.079078972263028,56.494152134341974,7.698678107652332
14,0.30832094852197217,56.80247308286395,10.188464618573791
15,1.854958082679192,58.65743116554314,10.296136560120088
16,1.2602904227190557,59.9177215882622,9.233763324948061
17,8.017657567940105,67.9353791562023,13.86819618934868
18,0.662595462274782,68.59797461847708,9.554080445582557
19,0.7755782963723559,69.37355291484944,11.821083333695285
20,1.7199101243133648,71.0934630391628,5.1610111282038895
21,0.2634003046343165,71.35686334379712,10.97814574412779
22,0.9136227086790062,72.27048605247612,10.367366027388108
23,0.015451930539522887,72.28593798301564,6.34879195710994
24,0.017741160862463558,72.3036791438781,14.433689961895452
25,0.5997501227100892,72.90342926658819,12.933294820165077
26,4.270157292368721,77.17358655895691,9.330239083000592
27,0.5876731070439504,77.76125966600087,13.360867252045402
28,3.623350078553361,81.38460974455423,11.670930591416337
29,0.516517065417337,81.90112680997156,11.699688062590614
30,0.750383056181406,82.65150986615296,5.618293784612421
31,0.25386532776228105,82.90537519391525,6.18336255756943
32,1.3163333588862738,84.22170855280152,5.671898983308658
33,0.47908488660830056,84.70079343940982,7.318569466014794
34,2.617103957850171,87.31789739726,12.367541846786937
35,2.195263022301881,89.51316041956188,5.453701742963805
36,0.4292058661437899,89.94236628570567,11.773721620724258
37,0.7111505454200846,90.65351683112576,5.19622681869056
38,0.02341991319597768,90.67693674432174,11.867555032330658
39,1.9292777831456578,92.6062145274674,13.960769794244335
40,0.7036010700441109,93.30981559751152,11.16921734350444
41,2.092653714922176,95.4024693124337,9.430821237733369
42,2.1677037545598083,97.5701730669935,5.311986372638186
43,3.801974374359333,101.37214744135284,12.881672775100506
44,0.1572087115036073,101.52935615285645,13.483540923257918
45,1.65231244084275,103.1816685936992,14.179327821745517
46,2.055630039308308,105.23729863300751,12.824344100176422
47,1.3016822661768674,106.53898089918438,12.264185898108753
48,1.5320389450263672,108.07101984421075,13.819646261280013
49,0.16242076551493984,108.23344060972569,8.3580992907261
50,1.1154130307941328,109.34885364051982,7.084368644888431
51,0.059072248376243724,109.40792588889606,6.561094001277268
52,0.0755926725420534,109.48351856143812,5.230909881721885
53,0.2727479210008072,109.75626648243893,10.040692334577887
54,0.1588117557209948,109.91507823815992,5.353786759509304
55,1.1377896645213077,111.05286790268123,5.393301672029198
56,1.6849950898352632,112.7378629925165,6.290414636918066
57,0.053397264183154484,112.79126025669966,9.933167584511759
58,0.05905536232814556,112.85031561902781,10.49253460418587
59,1.2549482972095276,114.10526391623733,8.880240608934917
60,0.05294734299795993,114.15821125923529,10.00860917457384
61,0.45218764785214866,114.61039890708743,9.166831363140679
62,1.0611348182395872,115.67153372532701,7.689113336851566
63,2.7724632810805954,118.4439970064076,9.46076336401482
64,2.3523425918532386,120.79633959826084,11.823197350391096
65,0.3302323791661476,121.12657197742699,11.209884764429003
66,2.186252637323484,123.31282461475047,11.167116430167862
67,5.750145924853409,129.06297053960387,8.538742823531672
68,1.2263062897933177,130.28927682939718,13.595657144306555
69,0.2258363822911526,130.51511321168834,10.816032028371888
70,0.6648009018030977,131.17991411349144,9.479209881653556
71,2.0635558806535017,133.24346999414493,13.617070694413236
72,0.182298776904057,133.42576877104898,10.528585898469984
73,0.38423988963148836,133.81000866068047,7.786890703562422
74,0.5994953766514615,134.40950403733194,10.963694535835675
75,0.29534512824496373,134.70484916557692,7.598402678441394
76,2.3539228271014148,137.05877199267834,14.264391604723572
77,0.40838615973055875,137.4671581524089,11.866218246193274
78,1.1682668847270887,138.63542503713597,5.418463768469196
79,0.8726768449418577,139.50810188207782,9.684316424545756
80,1.2878201256377564,140.79592200771557,14.235222584468968
81,2.3336471212256447,143.12956912894123,14.225128809712318
82,0.3289213257673239,143.45849045470854,13.43985939927618
83,1.8107574820827017,145.26924793679123,14.290600200149052
84,0.7547380475345649,146.0239859843258,6.763735555174517
85,0.5797025753807944,146.6036885597066,12.91745247411423
86,0.37316272063644673,146.97685128034306,6.352497347862581
87,0.14701259045090465,147.12386387079397,10.721739947017507
88,0.7921159181923805,147.91597978898636,8.070048397457242
89,0.3025316402790228,148.2185114292654,8.38389495074087
90,0.9556440587393918,149.17415548800477,5.6913529471061
91,1.2994723765409777,150.47362786454576,13.590199689374344
92,0.9604280554721066,151.43405592001787,7.228381266167588
93,0.10355842509795385,151.53761434511583,12.9954637118453
94,2.479672506647253,154.0172868517631,9.342033563649185
95,0.28904703898192363,154.306333890745,10.489092960305157
96,2.8810458422868175,157.18737973303183,10.962593674085504
97,2.1157866446220592,159.3031663776539,9.833702678002332
98,0.1469518975116282,159.45011827516552,14.047388166194178
99,1.2957461074586174,160.74586438262415,7.073844740213565
100,1.0232718751220753,161.76913625774623,8.860785213604393
101,0.293559333978283,162.06269559172452,7.952762317656345
102,0.9868599475900077,163.04955553931453,11.527046389808888
103,0.5356335070259499,163.58518904634047,9.046387689043847
104,1.3300885492172592,164.91527759555774,11.304548594760346
105,0.003067844355655005,164.9183454399134,11.61060049073351
106,1.0185899624079389,165.93693540232132,12.325549493139537
107,0.6386457716841755,166.5755811740055,7.337778627916366
108,4.94605451255874,171.52163568656422,7.799366639186389
109,1.0667022951418699,172.5883379817061,9.673111190854225
110,1.6918515940173606,174.28018957572345,11.7357812990678
111,1.0143224128474768,175.29451198857092,11.493853094567028
112,0.2997444326062481,175.59425642117716,10.717940237598105
113,0.17837608118747061,175.77263250236464,7.412549576992491
114,0.5177591919851886,176.29039169434984,6.320417618454448
115,0.5627092214820271,176.85310091583187,11.035259888670913
116,1.1007311969580897,177.95383211278997,13.16630141164206
117,0.40480646660902225,178.35863857939898,14.179315249288567
118,0.03424515558407592,178.39288373498306,5.181988368860965
119,0.24817555627843185,178.64105929126148,14.52590474342973
120,1.1475827281512385,179.78864201941272,7.866271771290309
121,1.3978180825565976,181.18646010196932,12.820749741476412
122,25.305482285340823,206.49194238731013,7.272620039391571
123,3.579252714349779,210.07119510165992,5.558233748844751
124,14.90953059511485,224.98072569677478,12.99225425362277
125,11.998954349983851,236.97968004675863,11.62934804725328
126,25.38802375857843,262.36770380533704,11.179016996276285
