1,3.691818876570934,3.691818876570934,8.794262514860431
2,9.385262562426252,13.077081438997187,10.021618179989357
3,0.6824683432012278,13.759549782198414,10.57707592262678
4,0.21261824154552897,13.972168023743944,12.028342929499406
5,3.9274312183996236,17.899599242143566,13.393324002152033
6,2.101792119034693,20.001391361178257,9.054916241967701
7,2.4864531946484147,22.487844555826673,7.473662326910358
8,0.7894824257864924,23.277326981613164,12.649708907680898
9,3.78540310021457,27.062730081827734,5.666207562470391
10,10.819702688092637,37.88243276992037,9.776595067994748
11,2.0544206307765362,39.936853400696904,6.368511839406179
12,3.836053905032708,43.77290730572961,10.829346143042018
13,2.8302200537597,46.603127359489314,12.997735220475727
14,2.957199327548979,49.56032668703829,6.281955795175158
15,12.949413822651971,62.50974050969026,9.307308479884032
16,5.372588165792995,67.88232867548325,9.582053328552288
17,0.7711053618879758,68.65343403737123,10.425122463210801
18,0.14670367777886775,68.8001377151501,13.991452054631763
19,3.8089315716115193,72.60906928676162,11.940810955178959
20,0.5615725856179203,73.17064187237955,6.87041246377702
21,1.4691042392468876,74.63974611162644,10.060672808621268
22,0.8987610619723797,75.53850717359882,11.879800067809132
23,0.22997673279200606,75.76848390639083,11.364405354900331
24,0.08627096961511561,75.85475487600594,6.93443631208151
25,0.9160038786555668,76.77075875466151,14.067026022036652
26,1.5447467370727859,78.3155054917343,11.036666823312094
27,2.129557780027452,80.44506327176175,9.046411402053312
28,0.7292671431520443,81.1743304149138,7.49057274566921
29,0.43498951197658314,81.60931992689038,12.94532347141251
30,0.1688819231723677,81.77820185006274,8.738820234537103
31,0.8918616588822608,82.670063508945,11.897809541429112
32,0.13782786903774108,82.80789137798274,12.232335395319538
33,1.1946294629574463,84.00252084094019,6.383280910161452
34,0.26836239665518635,84.27088323759538,8.284892294847591
35,1.0053990253893763,85.27628226298476,13.042415899476232
36,0.9542124394016396,86.23049470238641,11.499807380211212
37,1.7359067285527376,87.96640143093914,10.583599018962694
38,2.4493073356635486,90.41570876660269,13.305500558693211
39,0.2659784090505419,90.68168717565324,14.42780653453564
40,1.4167776008811177,92.09846477653436,13.008999807077434
41,0.7602737162374412,92.85873849277179,6.754252171484908
42,0.09902547005773697,92.95776396282953,10.791181036738376
43,0.620115701427337,93.57787966425687,14.576624393876383
44,1.0500373719856984,94.62791703624256,6.99421545482262
45,1.0366300983144194,95.66454713455698,12.399020807192302
46,0.8853454480097022,96.54989258256668,5.344650771193682
47,1.0156708202063356,97.56556340277302,12.823124099171848
48,0.038446904682171046,97.6040103074552,9.167231745193732
49,2.3841172253079486,99.98812753276314,8.726642181442998
50,0.07198675924799514,100.06011429201114,8.929905480185644
51,1.823293058166609,101.88340735017775,14.61256303040929
52,4.7531592558258104,106.63656660600356,5.574360530253872
53,0.07820739794531036,106.71477400394886,6.963597964927831
54,0.45652387968330344,107.17129788363216,9.527713743733646
55,0.5452513767005172,107.71654926033268,12.42778293683769
56,0.24754015120616904,107.96408941153885,6.017136838399178
57,0.09566446179410254,108.05975387333295,8.378275439081392
58,0.026712959586681788,108.08646683291963,11.233424038880809
59,0.698179770803431,108.78464660372306,9.357850130837274
60,0.2021050553627582,108.98675165908583,9.81145146474328
61,0.8586992682823424,109.84545092736816,5.206756482166525
62,0.4766706516726479,110.32212157904081,7.340226734997963
63,0.24028699290057098,110.56240857194138,12.904934038394579
64,0.0721503014648484,110.63455887340622,6.092697766323716
65,0.4624528378396907,111.09701171124591,7.5366597888825115
66,1.101818493998102,112.19883020524401,14.295472260031373
67,1.2193354579465492,113.41816566319056,5.931398293876078
68,1.8335346388559595,115.25170030204653,10.538749517028524
69,0.4079088816516047,115.65960918369814,11.723216444156861
70,1.059555078844971,116.7191642625431,10.640828207181432
71,3.3338264417359844,120.05299070427908,5.836551307131219
72,0.2052328879615917,120.25822359224067,6.155722754368247
73,1.291755237900333,121.549978830141,5.920063820761216
74,0.11472042236550047,121.6646992525065,11.356325343194264
75,3.0748564573928148,124.7395557098993,9.808561341704
76,0.6276125726760559,125.36716828257536,11.239361611181945
77,0.6880819952986068,126.05525027787397,12.684087653235567
78,0.4767757017422632,126.53202597961624,14.837502520309371
79,0.03983509897464188,126.57186107859087,13.57175885538738
80,2.0863092645973085,128.65817034318817,11.833063629960595
81,0.6100919483682249,129.2682622915564,10.273360980973013
82,1.123613147445222,130.3918754390016,14.019541623040803
83,1.6044928347074798,131.9963682737091,7.6271664227781075
84,1.928968296644126,133.9253365703532,8.304385750383375
85,0.49544009028696095,134.42077666064017,14.528524443449589
86,0.35370868330665933,134.77448534394682,10.873754555554896
87,0.452508216348358,135.22699356029517,7.132237191601782
88,0.701438245330843,135.92843180562602,12.808268790331326
89,1.7153795441928321,137.64381134981886,11.936624149478998
90,1.3066679907878826,138.95047934060673,12.093272113031233
91,1.982458283202348,140.9329376238091,5.957207401441135
92,0.3341054161091195,141.2670430399182,11.416636203850226
93,0.03246714588638023,141.2995101858046,14.988884676940232
94,1.1946316895612576,142.49414187536584,12.688163629374689
95,0.5086881583754218,143.00283003374128,9.360882997991602
96,0.39159744320174267,143.394427476943,9.510015708658393
97,3.1277429946102075,146.5221704715532,8.620980472670645
98,0.7146802823375187,147.23685075389074,9.730751043530887
99,0.5580552512142574,147.794906005105,8.055103486491001
100,0.06600317980056947,147.86090918490555,14.245237724951146
101,1.207590936915474,149.06850012182102,14.31574107681033
102,1.2332066928737202,150.30170681469474,8.62902753932406
103,1.7974003614875382,152.0991071761823,12.80133383217315
104,1.6219720346483397,153.72107921083062,7.560288127983629
105,0.9164369474877884,154.63751615831842,11.045709201444017
106,0.11909922905032623,154.75661538736875,13.63983995764928
107,0.320057555838028,155.07667294320677,10.539717155802013
108,3.018709192752178,158.09538213595894,7.535345414530301
109,0.5301915918010874,158.62557372776004,13.969082449589326
110,0.24243297391376667,158.8680067016738,14.698778635069292
111,1.0993827210912122,159.96738942276502,11.35359383231156
112,0.552285080671555,160.5196745034366,11.039752799244646
113,1.5582848901709474,162.07795939360753,13.838481373206875
114,1.7313668544102219,163.80932624801775,10.761070277703125
115,1.5419069257549867,165.35123317377275,14.51700040693568
116,0.9971076026555511,166.3483407764283,11.318470431162927
117,2.5148307685262896,168.86317154495458,10.15746813408671
118,0.07861898151639476,168.94179052647098,8.578404085050334
119,0.2689835559407572,169.21077408241175,12.236854273132554
120,0.8926152089451851,170.10338929135693,7.044517432632719
121,0.2303634596925334,170.33375275104947,10.1905912943055
122,0.6044236562089961,170.93817640725848,13.587869938426895
123,0.07582071773174827,171.01399712499023,10.762278136905586
124,4.152334370602867,175.16633149559308,13.74351227637453
125,1.8453284497870939,177.0116599453802,7.040905408749982
126,1.2451753420792984,178.2568352874595,6.629583684219266
127,1.128696407655073,179.38553169511457,7.64787115686689
128,0.15189516547403634,179.5374268605886,7.588137602801207
129,0.7421186519941906,180.27954551258279,12.966613146514053
130,11.809965098584323,192.0895106111671,5.7740764704936485
131,24.20742040896709,216.2969310201342,12.693739340534691
132,6.7624801962872585,223.05941121642147,10.370731446248243
133,6.284173120637632,229.3435843370591,5.586925318501547
134,5.988011316935462,235.33159565399455,10.663565451374613
135,7.6850163046260995,243.01661195862064,7.857440655400999
