1,0.0,0.0,3.212474112407062
2,0.0,0.0,6.558840875338382
3,0.0,0.0,5.829317202988751
4,0.0,0.0,4.5489525696498
5,0.0,0.0,6.392716989773548
6,0.0,0.0,5.236024174895111
7,0.0,0.0,3.5265753799100903
8,0.0,0.0,5.740239652314216
9,0.0,0.0,3.5603427159212173
10,0.0,0.0,3.7909055214384235
11,0.0,0.0,3.6072299650072353
12,0.0,0.0,3.2417928231213984
13,0.0,0.0,3.2280263450730144
14,0.0,0.0,3.467572227123114
15,0.0,0.0,6.382123245205143
16,0.0,0.0,3.5287963226235712
17,0.0,0.0,5.432773454796588
18,0.0,0.0,4.71005103796508
19,0.0,0.0,4.5768096758081125
20,0.0,0.0,5.49401854072369
21,0.0,0.0,4.846122465198084
22,0.0,0.0,4.716850248367139
23,0.0,0.0,4.7916043400345885
24,0.0,0.0,3.6517468285077657
25,0.0,0.0,6.9052203856011065
26,0.0,0.0,3.542834405071144
27,0.0,0.0,5.295162235642975
28,0.0,0.0,6.979198883484033
29,0.0,0.0,3.6945907204307167
30,0.0,0.0,5.70851809857874
31,0.0,0.0,5.83920295055302
32,0.0,0.0,3.8393128311304605
33,0.0,0.0,6.16949127759944
34,0.0,0.0,6.2715274718795975
35,0.0,0.0,6.217037592630509
36,0.0,0.0,6.775625937166467
37,0.0,0.0,5.432728884557985
38,0.0,0.0,3.0394381545774896
39,0.0,0.0,5.780560505780862
40,0.0,0.0,3.5806938843936416
41,0.0,0.0,3.6294185538384576
42,0.0,0.0,4.279154103785686
43,0.0,0.0,4.3747416667312535
44,0.0,0.0,6.836948346417968
45,0.0,0.0,3.6770213889324177
46,0.0,0.0,6.792113019044315
47,0.0,0.0,6.512960536215852
48,0.0,0.0,5.260903978977268
49,0.0,0.0,6.859028607446135
50,0.0,0.0,6.475682039256814
51,0.0,0.0,5.782157562148461
52,0.0,0.0,5.924618626321717
53,0.0,0.0,3.8918702794376268
54,0.0,0.0,3.814256725023811
55,0.0,0.0,5.820389138289993
56,0.0,0.0,6.1817820890245
57,0.0,0.0,4.805214655768959
58,0.0,0.0,5.651429907692565
59,0.0,0.0,4.03108937539324
60,0.0,0.0,4.104199462910601
61,0.0,0.0,6.614437770997588
62,0.0,0.0,5.660833367981855
63,0.0,0.0,6.988899715083752
64,0.0,0.0,5.267161365238103
65,0.0,0.0,3.3311087376566406
66,0.0,0.0,6.813397790985535
67,0.0,0.0,3.2216557257815768
68,0.0,0.0,5.563419125863197
69,0.0,0.0,6.89455570606596
70,0.0,0.0,3.8167141110302505
71,0.0,0.0,3.8426660040694895
72,0.0,0.0,5.6723764239224295
73,0.0,0.0,5.32129380487879
74,0.0,0.0,5.304434139079531
75,0.0,0.0,3.719701871237724
76,0.0,0.0,6.272786461486193
77,0.0,0.0,6.868190983808561
78,0.8297778293196744,0.8297778293196744,5.481008739009695
79,0.7675553475193423,1.5973331768390167,4.195871455752126
80,0.3165578848687718,1.9138910617077884,5.073077187122413
81,0.2439632845491449,2.1578543462569333,5.236681229706216
82,0.008291651233146595,2.16614599749008,5.594009966685531
83,0.41574908450764886,2.581895081997729,4.69626621316892
84,0.3518351064195598,2.9337301884172886,5.893861774191104
85,0.18371535274453682,3.1174455411618256,6.181536725854929
86,0.5605973159477706,3.678042857109596,6.687705257842907
87,0.2972319771519019,3.9752748342614983,5.87564685452136
88,0.1456468371829093,4.120921671444408,5.0809774358798805
89,0.36603534231462687,4.486957013759034,3.324867517844671
90,0.9434730417421267,5.43043005550116,6.418267857633233
91,0.14489379401496144,5.5753238495161215,4.646913833084899
92,0.8894064348021438,6.464730284318265,6.0209669591210115
93,0.024464412908969335,6.4891946972272345,3.013717536863716
94,0.32050357837069826,6.809698275597933,4.338242936984688
95,0.08210383426960705,6.89180210986754,4.197233423835627
96,0.005497318120187016,6.897299427987727,4.2298738020721345
97,0.41420431906589766,7.311503747053625,4.5688304056874856
98,1.1618507582757323,8.473354505329358,6.5647549401396095
99,0.4237194153276772,8.897073920657034,4.269934022202422
100,1.5042717761426208,10.401345696799655,6.244857966606053
101,0.5357002663979646,10.93704596319762,6.341987962992035
102,0.022294922699495914,10.959340885897117,4.889564854969478
103,0.0062006679441338605,10.96554155384125,3.4482101936045932
104,1.1422981030517405,12.10783965689299,5.1354677727657645
105,0.8461984316157726,12.954038088508762,4.232835616811822
106,0.941288527395673,13.895326615904434,4.423670444256703
107,1.3901551817624316,15.285481797666865,5.9152707613040825
108,0.1122577580896784,15.397739555756543,5.90172213490424
109,0.8242040459520914,16.221943601708634,3.943699219399894
110,0.3909472876065583,16.612890889315192,6.797731801754167
111,0.813579099226646,17.42646998854184,5.086081036183488
112,0.6103532610581229,18.036823249599962,3.16404807725414
113,0.4895084214885581,18.52633167108852,5.516275267782958
114,0.38362021912249933,18.90995189021102,5.225682453868398
115,2.0974079548602855,21.007359845071306,4.17364238310388
116,1.7770484916794613,22.78440833675077,5.738704523242816
117,0.15871000956532377,22.94311834631609,4.564392724762415
118,0.4849486933205114,23.428067039636602,5.306779250947805
119,0.0031838536258937595,23.431250893262497,5.349292809649369
120,0.26546227321182875,23.696713166474325,4.39803469390856
121,0.9895850159577698,24.686298182432093,5.458177375876259
122,0.2489155743548913,24.935213756786986,4.433547895503519
123,0.6194858170158398,25.554699573802825,6.581107108739742
124,0.009203477910706168,25.56390305171353,6.646618780962646
125,0.13424578612158786,25.69814883783512,5.400266388351428
126,0.6825551832821747,26.380704021117296,5.759330858662411
127,0.13890609065685783,26.519610111774153,4.791423293497063
128,0.15217312257708435,26.67178323435124,3.284267287911664
129,0.09881976098846913,26.770602995339708,4.208020650431261
130,0.8770849543774534,27.64768794971716,5.8289554284415
131,0.4024572951318195,28.050145244848977,5.150298242368107
132,0.1408700522484312,28.191015297097408,4.704421996174858
133,1.4886006134884813,29.679615910585888,5.951463110165379
134,0.8686753797416624,30.54829129032755,3.2152190143410837
135,0.43340831272208324,30.981699603049634,6.243500360815185
136,0.017550567414517368,30.99925017046415,5.55302162948376
137,0.2675854784529235,31.266835648917073,6.1385365954164435
138,0.7050588070744112,31.971894455991485,5.108093381627061
139,1.1891147540070375,33.161009209998525,5.373029107147689
140,0.11072260536243787,33.271731815360965,4.612223668815638
141,0.4227521825526421,33.69448399791361,6.587385301871775
142,0.4988850050519452,34.193369002965554,6.011892516530237
143,0.20015424875608923,34.393523251721646,4.409430976380577
144,1.893869783994768,36.28739303571641,3.211986990326213
145,0.1368588589538878,36.4242518946703,5.98376937783017
146,0.8211791275046423,37.24543102217494,5.654561447439766
147,0.2408858555682166,37.48631687774316,4.484936897143768
148,0.9368540755565621,38.42317095329972,6.845693318549268
149,0.34229461191217003,38.76546556521189,3.9918724259394125
150,0.06927023860498342,38.834735803816876,5.98411710745034
151,0.11620938271267757,38.95094518652955,3.0136882684137682
152,0.36841185672363996,39.31935704325319,5.801300788581941
153,0.3911694109490557,39.710526454202245,5.619761302021338
154,0.4803374747724758,40.19086392897472,3.5167357430831525
155,0.011079881114915462,40.20194381008964,4.498621311374469
156,1.1476515331453385,41.349595343234974,6.655575378760759
157,0.011139501641260683,41.360734844876234,3.271893191210781
158,0.06931682904389712,41.43005167392013,5.536141107382404
159,0.8553562512775365,42.28540792519767,5.1359997818965635
160,0.23336308914511944,42.51877101434279,6.3305298620369825
161,0.3693591800543774,42.888130194397164,4.8654622680518465
162,0.33451488117969985,43.222645075576864,4.799306072023089
163,0.27079400820758226,43.493439083784445,3.1808858777254065
164,0.35103088092404217,43.84446996470849,6.394154311829131
165,0.29791876220039426,44.142388726908884,3.5742528280918595
166,0.3379114723273428,44.480300199236225,4.078847397722216
167,0.3821955128524684,44.862495712088695,6.290645924078317
168,0.16999660498257677,45.032492317071274,3.46504679313544
169,1.0070066249759886,46.03949894204726,6.194837144099241
170,0.46022697743844726,46.499725919485705,4.775203835622728
171,0.13123784978408026,46.63096376926978,4.183090735677201
172,0.9681715523309309,47.59913532160071,5.067447977481185
173,1.8431322292224863,49.442267550823196,6.430415585683123
174,0.04435500456636643,49.486622555389566,4.212657593577617
175,0.30587772000877866,49.792500275398346,3.9575084237421123
176,1.7995312519921431,51.59203152739049,3.8560828357344246
177,0.08578168911111748,51.677813216501605,4.1297095449731085
178,1.2658318606636423,52.94364507716525,3.3485323189358405
179,0.5493589752060759,53.493004052371326,5.377862649008245
180,0.3822186715277487,53.87522272389907,3.2331911465949803
181,1.1140450923355805,54.98926781623465,5.2759713973210465
182,0.5384748859636068,55.52774270219826,6.181616196206081
183,0.1827551598975197,55.71049786209578,4.636565780660392
184,0.20260951553163223,55.91310737762741,3.481510352733467
185,0.9364882724585201,56.84959565008593,6.291693315985517
186,0.37450589879959056,57.22410154888552,4.492106426624073
187,0.11139715430903599,57.33549870319456,3.3366540039938073
188,1.2039474897296372,58.539446192924196,6.746844445517141
189,0.8907760797246087,59.430222272648805,3.8445304115378747
190,1.0220865183602217,60.452308791009024,6.594004846696988
191,2.1252350349007965,62.57754382590982,5.0972473523980675
192,0.9478486436531655,63.52539246956299,4.263994231251868
193,0.1170980054258473,63.64249047498883,3.6929656864052407
194,1.92259458796903,65.56508506295786,5.379877482768704
195,27.856390073849504,93.42147513680737,6.825342071817623
196,1.1247517945363696,94.54622693134374,4.783055412541468
197,3.305939115687846,97.85216604703159,4.178785672526585
198,0.35457133017407627,98.20673737720567,5.638490432383353
199,9.978770578369367,108.18550795557503,6.9844651309407215
200,5.573086961419782,113.75859491699481,6.895940421157846
201,1.665995616025797,115.4245905330206,5.684876315594742
202,8.67065406543758,124.09524459845818,5.053198770698966
203,4.802424487819134,128.89766908627732,6.339948704874315
204,3.242964695866078,132.1406337821434,5.138069982903578
205,2.7837790725451668,134.92441285468857,6.490710518947461
206,6.770338313673645,141.69475116836222,4.749185983788319
207,5.165169585679976,146.8599207540422,6.273604192457881
208,1.9944324062828114,148.85435316032502,4.923303570656257
209,5.581412288823953,154.43576544914896,5.142377470314717
210,19.078969082864774,173.51473453201373,5.641180404899144
211,3.1932780712819975,176.70801260329574,5.243011993821698
212,1.0677633971478613,177.7757760004436,5.21977957941863
213,6.035727601838817,183.81150360228244,6.593517250631663
214,5.0614117668941,188.87291536917655,4.379123772181266
215,5.365039063533695,194.23795443271024,3.0224096215180687
216,0.8710352998449213,195.10898973255516,6.072934675313846
217,7.200909489313181,202.30989922186833,4.389354100973874
218,8.568588419886884,210.8784876417552,4.871333272085484
219,4.317197642013773,215.195685283769,3.242883180626196
220,16.270396610977023,231.46608189474603,5.749249144327155
221,0.1277167361166717,231.5937986308627,6.621381866490541
222,6.308642720791252,237.90244135165395,3.9018053027153687
223,0.1334977971056151,238.03593914875955,4.055451888836769
224,6.499601157108209,244.53554030586776,3.41601890731042
