480.030000 4.120000 
480.400000 4.760000 
480.790000 3.380000 
480.830000 6.880000 
481.050000 4.070000 
481.140000 4.660000 
481.310000 4.900000 
481.740000 3.220000 
481.910000 5.450000 
482.100000 4.960000 
483.190000 6.620000 
483.540000 6.740000 
484.470000 4.220000 
484.810000 6.160000 
485.350000 3.900000 
485.630000 4.800000 
485.800000 5.040000 
488.310000 5.850000 
488.930000 6.940000 
488.930000 4.090000 
489.420000 3.010000 
489.930000 6.880000 
490.420000 4.220000 
490.700000 3.860000 
491.060000 6.230000 
491.960000 4.950000 
492.180000 4.630000 
492.580000 5.160000 
493.110000 5.890000 
493.210000 4.130000 
494.170000 5.170000 
494.410000 6.020000 
495.220000 4.080000 
495.230000 3.750000 
495.330000 3.360000 
496.560000 5.300000 
496.790000 5.190000 
496.940000 6.800000 
497.090000 6.740000 
497.270000 3.030000 
497.400000 6.110000 
497.410000 5.350000 
497.620000 5.600000 
498.360000 3.440000 
498.460000 3.500000 
498.970000 5.130000 
499.130000 5.650000 
499.400000 5.830000 
499.950000 3.270000 
500.110000 3.820000 
500.790000 4.730000 
501.130000 3.040000 
501.460000 3.280000 
501.820000 4.370000 
501.940000 4.250000 
502.020000 6.970000 
502.060000 4.080000 
502.150000 4.420000 
502.630000 5.990000 
503.970000 3.870000 
504.110000 6.860000 
504.680000 6.930000 
504.720000 6.040000 
504.870000 3.770000 
504.920000 4.410000 
505.140000 3.790000 
505.160000 6.330000 
505.230000 3.420000 
505.270000 3.250000 
505.780000 4.620000 
506.120000 4.790000 
506.180000 4.460000 
507.290000 4.960000 
507.560000 4.640000 
507.830000 4.430000 
508.790000 6.090000 
509.540000 6.930000 
509.730000 6.380000 
511.020000 6.340000 
511.050000 4.470000 
511.080000 3.200000 
511.250000 6.370000 
511.880000 6.480000 
512.050000 3.300000 
512.290000 3.130000 
512.310000 5.460000 
512.850000 5.940000 
513.650000 5.460000 
513.730000 5.650000 
514.100000 6.810000 
515.700000 4.060000 
515.960000 6.680000 
516.690000 5.750000 
516.770000 5.950000 
517.080000 4.580000 
517.140000 5.730000 
517.310000 4.770000 
517.480000 3.080000 
518.280000 4.320000 
518.380000 3.710000 
519.360000 3.300000 
519.680000 4.980000 
520.300000 4.860000 
520.930000 6.530000 
521.200000 5.590000 
521.840000 6.610000 
522.150000 3.020000 
522.400000 5.770000 
523.000000 5.340000 
523.730000 6.960000 
523.810000 4.330000 
523.980000 5.760000 
524.620000 3.910000 
524.890000 6.700000 
525.750000 6.500000 
525.900000 4.880000 
525.910000 5.250000 
526.120000 3.590000 
526.930000 5.560000 
527.920000 6.980000 
528.580000 5.560000 
528.830000 4.760000 
529.160000 3.110000 
529.450000 3.330000 
529.930000 5.120000 
529.960000 6.130000 
531.220000 5.950000 
532.310000 4.050000 
532.490000 4.810000 
532.900000 4.980000 
533.800000 3.590000 
534.750000 3.220000 
536.060000 6.400000 
536.550000 5.240000 
537.430000 6.720000 
539.450000 5.790000 
539.780000 5.330000 
540.520000 3.620000 
540.530000 6.460000 
547.180000 5.450000 
550.010000 6.960000 
553.530000 4.920000 
557.720000 6.210000 
558.310000 4.990000 
571.240000 6.600000 
575.180000 5.300000 
585.170000 6.380000 
587.700000 5.950000 
590.710000 5.340000 
591.570000 3.990000 
595.330000 5.280000 
596.580000 3.740000 
598.190000 6.610000 
600.490000 3.100000 
601.410000 6.130000 
604.100000 5.400000 
604.910000 5.220000 
605.250000 6.710000 
623.010000 4.590000 
633.550000 4.940000 
640.280000 6.380000 
647.390000 3.840000 
648.480000 5.210000 
664.520000 3.130000 
669.670000 4.450000 
680.460000 3.200000 
689.090000 3.770000 
689.520000 5.950000 
697.310000 4.680000 
706.810000 5.740000 
